   5.0195055e-01	  -4.4881650e-01	  -7.7110310e-02	  -1.7044093e-01	  -1.2598648e+00	
  -8.6579914e-01	   6.2163860e-01	  -2.9748258e-01	   1.0461072e+00	   5.3151650e-02	
   8.6061526e-01	   1.9457445e-02	   6.4235756e-01	  -6.8759544e-01	  -9.0727591e-01	
  -1.0849014e+00	   1.3376268e-01	   9.4992506e-01	  -1.8124097e+00	   1.3012408e+00	
   8.8325433e-01	  -1.8911495e+00	   5.7521236e-01	   3.1018005e-02	   7.2572919e-01	
   1.8974432e-01	  -1.6793180e+00	  -6.3451417e-01	  -8.1350018e-01	   1.2044262e+00	
  -2.1504994e-01	   1.0447618e-01	  -1.3677384e+00	   9.0008441e-01	  -1.5494875e+00	
  -1.8165515e-01	   1.2154258e-01	  -1.0618855e+00	  -2.6967209e-01	  -8.8552355e-01	
  -3.2359703e-01	   1.5687048e-02	   1.6279369e-01	  -6.8615481e-01	  -8.7408203e-01	
  -2.0645041e-01	   1.9891478e+00	   4.1212046e-01	   1.3418750e+00	   1.0902453e+00	
  -1.3290190e+00	   4.2658115e-01	  -2.8881686e-01	  -4.3279828e-01	   8.4700913e-01	
   8.8601162e-02	   2.9682352e-01	   3.0037566e-01	  -1.5506537e-01	  -1.8305401e+00	
   4.9255481e-01	   4.4089936e-01	   1.6907186e-01	  -6.8836829e-01	  -1.4117310e+00	
   5.8469503e-01	   2.4717403e-01	   1.7992745e-01	  -1.0256371e+00	  -7.9964612e-01	
   6.8797471e-01	   2.8199899e-01	   4.4460188e-02	  -3.2524423e-01	  -9.3246302e-01	
   1.4519568e-01	   3.2776655e-02	   4.2212346e-02	  -7.9734609e-01	  -1.0478314e+00	
   2.0958761e-01	  -1.8955362e+00	  -4.4752482e-01	   7.4026539e-01	   4.7297733e-01	
   6.4216492e-01	   1.3512261e-01	  -2.8166941e-01	  -7.2966520e-01	  -1.2795956e+00	
  -1.2320226e+00	   2.8792202e-01	   7.6624097e-02	   7.3313990e-01	   9.7015840e-02	
   3.6523748e-02	   2.1877890e+00	  -7.2145017e-01	   9.7611014e-01	   5.7771308e-01	
   6.5483274e-01	  -2.6550982e-01	  -2.1105822e-01	  -8.6776458e-01	  -5.4728867e-01	
   9.5897666e-02	   2.1451552e+00	  -4.0864168e-01	   1.0142128e+00	   1.2989378e+00	
   1.7772083e-01	   1.8351092e+00	  -7.3649611e-04	   1.0642777e+00	   6.7840219e-01	
   9.6020138e-02	   1.9290049e+00	  -1.0156178e-01	   1.1868116e+00	   9.9287961e-01	
  -3.0733930e-01	   1.6549571e+00	  -1.3825969e-01	   6.9779401e-01	   1.1987336e+00	
  -1.1829904e+00	   6.8778629e-01	  -1.2730667e-01	   2.1844891e-01	  -5.5496998e-02	
   4.2342990e-01	  -1.2932061e+00	  -1.4252405e-01	  -1.5039947e-01	   3.5004645e-01	
  -8.9420781e-01	   4.3409028e-01	  -4.0227865e-01	   3.6793384e-01	   4.7598273e-01	
  -4.0841157e-02	   1.9794701e+00	   1.2731544e-01	   1.2527130e+00	   5.8269165e-01	
  -8.9774914e-01	   3.4473757e-01	   6.2379039e-01	   3.6069778e-01	   4.1557725e-01	
  -2.7075791e-01	   2.0692924e+00	  -5.8154377e-01	   4.9031251e-01	   1.0899100e+00	
   4.6434960e-01	  -1.8301379e+00	  -8.6263507e-01	   1.2935993e-01	   8.4956048e-02	
   3.5642806e-01	   2.1274486e+00	  -2.4174726e-01	   2.7586600e-01	   1.2766148e+00	
  -1.1711050e-01	   1.4501522e+00	  -2.2254428e-01	   8.6685383e-01	   8.3718956e-01	
  -1.8554404e-01	   1.8617909e+00	  -5.2318566e-01	   3.6455808e-01	   1.2565284e+00	
   4.3227824e-01	   2.9629472e-01	  -2.4140603e-01	  -6.3657958e-02	  -1.7620870e+00	
  -1.0202935e-01	   2.1137943e+00	  -8.3889197e-01	   1.2742932e+00	   3.8993373e-01	
  -3.4060615e-02	   1.5110883e+00	  -4.1834545e-01	   3.9488030e-01	   1.2129370e+00	
  -1.9306570e-01	   1.6533426e+00	   9.1624327e-02	   1.7912360e-02	   7.4869109e-01	
   1.8660239e-01	   2.1656809e+00	  -3.8652827e-01	   9.8311600e-01	   1.0375384e+00	
  -2.5448363e-01	   5.2419050e-02	  -1.3975785e-01	  -4.9268424e-01	  -4.5098490e-01	
   2.6869451e-01	   1.9038479e+00	  -9.4548773e-01	   2.3829152e-01	   1.1792979e+00	
  -4.9469548e-01	   1.6606881e+00	  -3.0972926e-01	   5.1824182e-01	   9.9094477e-01	
   1.4972999e-01	   1.7936823e+00	  -2.6462447e-01	   5.7303683e-01	   1.2883446e+00	
  -1.4643899e-01	   1.6894990e+00	  -5.1629466e-01	   8.0248176e-01	   1.2237332e+00	
   1.6149026e-01	   1.7419288e+00	   2.6846094e-01	   8.6583642e-01	   1.4095067e+00	
  -1.8168609e-01	   2.1161578e+00	  -3.6644375e-01	   3.3223724e-01	   3.9404237e-01	
  -4.4230868e-01	   1.9382970e+00	  -3.7335661e-01	   1.3779477e+00	   6.6671280e-01	
   4.2495039e-01	   1.5615565e-01	  -3.3380139e-01	  -5.2348506e-01	  -1.2695478e+00	
   5.9457346e-01	   8.5244462e-02	   6.2001162e-02	  -1.0306262e+00	  -1.0059292e+00	
   8.2463617e-01	  -1.5017385e+00	   3.5825802e-01	  -2.0807757e-01	   1.5224263e+00	
   2.6335275e+00	   2.9126805e-01	   8.0938580e-01	   3.8604385e-01	   1.6172963e+00	
   2.8522473e-01	  -1.9136626e+00	  -1.8570218e-01	  -8.9862507e-02	   1.0917717e+00	
   2.5116407e-01	  -2.1247255e+00	  -4.9374478e-01	   3.9749600e-01	   1.0588560e+00	
   8.0239633e-01	   7.0600211e-01	   2.7281362e-01	  -1.4942826e+00	  -1.1507596e+00	
   3.7674640e-01	   5.6869149e-01	   5.0168587e-01	  -7.8807205e-01	  -1.5726144e+00	
  -1.5711059e+00	  -2.2207419e+00	   1.0145573e+00	  -1.5732336e+00	   2.4678767e+00	
  -9.7617338e-01	  -1.9966811e-02	   1.3363313e+00	  -1.4250718e+00	   1.4946952e+00	
   4.9368071e-01	   8.7654467e-02	   4.3756383e-01	  -5.5730161e-01	  -1.0627543e+00	
  -7.0468561e-02	   2.0952775e+00	  -1.3163243e+00	   7.8151530e-01	   7.4238523e-01	
  -8.9951433e-01	  -8.5772860e-02	   1.0466689e+00	  -1.6743756e+00	   9.2732124e-01	
  -1.6178404e+00	  -2.1479828e+00	   2.9675278e-01	  -9.4733763e-01	   2.2130573e+00	
   5.4644354e-01	  -1.9291733e-03	   4.4073082e-01	   6.4089855e-02	  -1.3154103e+00	
   3.3086586e-01	  -1.2711794e+00	  -1.2663582e+00	  -1.2044436e-01	   5.8050537e-01	
   6.1381307e-02	  -1.8135995e+00	   4.1801967e-02	  -1.0110831e-01	   9.2395000e-01	
   5.9826359e-01	  -1.3874043e-01	   3.8151892e-02	   5.5204316e-01	  -5.6752041e-01	
  -2.0772785e-01	   3.0539958e-01	   7.3517131e-02	  -4.6176747e-03	  -1.0822692e+00	
  -3.9648892e-02	  -4.0864241e-01	  -8.4295233e-02	   2.9030768e-02	  -8.2395104e-01	
   3.7035283e+00	   2.3885312e-01	  -5.9647800e-01	  -1.6555943e-01	   2.3700731e+00	
  -1.0532353e+00	   5.7603993e-01	   5.1674902e-01	  -4.8106451e-01	  -1.0696714e-01	
   2.9757312e+00	  -1.5324843e-01	  -1.8292147e-02	  -7.8083879e-02	   2.0407626e+00	
  -4.0533697e-02	  -1.7070713e+00	  -2.5247369e-01	   7.8438078e-02	   5.6058058e-01	
  -2.1851157e-02	   1.9406873e+00	  -1.3447979e+00	   1.0771026e+00	   1.1944166e+00	
   3.0037859e+00	   1.2032711e-01	   6.2951612e-01	  -2.1488526e-02	   1.7694420e+00	
   2.7470159e-01	  -1.8881434e+00	  -4.0540899e-01	  -1.1558734e-01	   5.7151607e-01	
   2.9874926e+00	   5.4940708e-02	   1.6060690e-01	  -3.5263243e-01	   1.8918159e+00	
  -7.3587219e-02	   1.7202435e+00	  -3.6082795e-01	   9.8741354e-01	   1.3299902e+00	
  -1.0712352e+00	  -5.4863477e-01	   6.6633082e-01	  -8.9905386e-01	   1.5604676e+00	
  -1.0976556e+00	   6.1579964e-01	   4.5518460e-01	   6.8558040e-01	   2.9820633e-02	
  -1.9905629e-01	   2.2280262e+00	  -1.1791866e+00	   1.2433317e+00	   8.9676533e-01	
   1.3754135e-01	   2.0053273e+00	  -4.7206250e-01	   5.2149789e-01	   8.4049117e-01	
   2.2446658e-01	   2.0513044e+00	  -5.3680753e-01	   1.0971021e+00	   2.3418684e-01	
  -1.1605868e+00	   9.4734518e-01	   3.8687170e-01	  -9.5521839e-02	   1.1013130e-01	
   2.7617126e+00	   6.0539462e-01	   3.7349689e-01	   7.2979359e-01	   9.5754333e-01	
   4.7169588e-01	  -1.5948904e+00	  -5.1601451e-01	  -6.4609614e-01	   8.0272508e-01	
  -7.7222653e-01	   5.8374011e-01	   1.5681273e-01	   9.1262444e-01	   2.5599890e-01	
  -8.7217257e-01	   5.4147222e-01	   3.2018026e-01	   1.3672007e-01	   4.8838442e-01	
  -1.1785406e-01	   2.0770750e+00	  -1.1792796e+00	   8.7917712e-01	   5.8844791e-01	
   3.2883743e-01	  -3.7091330e-01	  -3.4252126e-01	   6.4286376e-01	  -8.6929627e-01	
   7.8654005e-01	  -2.4141164e-01	   1.7812151e-01	  -1.3695210e+00	  -8.4066673e-01	
   4.2876303e-01	   1.1897921e-01	  -2.6090843e-01	  -1.0762056e+00	  -5.4483770e-01	
   1.5837261e-02	  -4.3370503e-01	   7.7207591e-02	   8.3796920e-01	  -1.2799780e+00	
   2.2319511e-01	   1.0726598e-01	  -4.1427290e-01	   3.4604515e-01	  -1.0894222e+00	
  -1.7949549e-01	   2.2874315e+00	  -7.4990677e-01	   6.6228565e-01	   1.0129290e+00	
   3.0387194e+00	  -5.1722279e-02	  -2.2080716e-01	   4.9838837e-01	   1.5236330e+00	
   4.3757865e-02	  -2.5026885e-01	   2.8851422e-01	   3.0187304e-01	  -1.2818261e+00	
  -7.0459823e-02	  -3.6413887e-02	  -1.1975211e-01	   1.8969355e-01	  -1.0492913e+00	
   3.7055092e-01	  -3.9829064e-01	   4.9289554e-01	  -8.0920906e-01	  -3.1662602e-01	
  -1.3666347e+00	   5.9366911e-01	  -2.4812495e-01	   3.0161629e-01	   2.8662781e-01	
   4.8733371e-01	   2.1406936e-01	  -4.7392757e-01	  -6.5727986e-01	  -1.0593525e+00	
  -1.1934895e+00	   1.3159330e+00	   5.2462029e-01	  -4.3698972e-01	  -5.4149017e-01	
   2.4816311e-01	  -2.4686794e-01	  -7.6462744e-01	  -5.0624009e-01	  -8.2053994e-01	
   4.4991237e-01	  -1.0897130e-01	  -9.4420507e-02	  -8.5750548e-01	  -1.1691908e+00	
  -7.2758339e-01	   6.1538950e-01	   5.8835327e-01	   1.0410878e+00	  -2.6389126e-02	
   6.0997488e-01	   9.9815713e-02	  -6.2288880e-01	  -4.8423458e-01	  -1.4040040e+00	
   2.7959826e-01	   8.6537649e-02	  -1.7265296e-01	  -5.8086356e-01	  -8.4453396e-01	
   4.4016166e-01	  -1.5476767e+00	  -4.2159162e-01	   1.7371304e-01	   7.7770258e-01	
   3.3928629e-01	  -1.4441322e+00	  -2.9446307e-01	   4.6579512e-01	   1.8329731e-01	
  -6.4281640e-02	  -1.8137344e+00	  -2.9349294e-01	   4.6994738e-02	   8.9528870e-01	
   6.3723065e-01	  -2.1238227e-01	  -3.7286270e-03	  -6.5678363e-01	  -7.9919916e-01	
  -1.1214466e+00	   2.0369441e-02	   2.2315233e-01	  -1.6283935e+00	   8.3417839e-01	
   2.4591473e-01	   1.9741026e+00	  -8.9361408e-02	   6.4032026e-01	   8.9789406e-01	
   2.3358797e-01	   6.7812712e-02	   6.8435057e-01	  -8.3949897e-01	  -1.6777205e-01	
  -7.4089577e-01	   5.6325402e-01	  -2.3120136e-01	   6.3031942e-01	  -8.4934103e-03	
  -8.7623443e-01	  -9.0387775e-02	  -1.1309217e+01	   1.0693405e+00	  -2.1483780e+00	
  -3.4185581e-03	   2.8719639e-02	  -3.6401854e-01	   5.7084254e-01	  -8.5739492e-01	
  -1.0846885e-01	   2.3452295e-02	  -2.7069606e-01	  -4.2702592e-01	  -1.1297610e+00	
   2.3760724e-01	  -6.0353810e-02	  -1.3599919e-01	  -3.4836120e-01	  -1.1212094e+00	
  -1.2221215e+00	  -2.0214485e+00	  -3.6521197e+00	   3.0264006e+00	   1.6471829e-01	
   3.1514044e+00	  -3.0682788e-02	   6.2171620e-01	  -3.1610564e-01	   1.6778769e+00	
   4.7991087e-02	   2.1943542e+00	  -1.1163089e+00	   1.0131840e+00	   1.5425014e-01	
   4.0970134e-01	   2.7453764e-01	  -4.5832200e-02	  -6.0986645e-01	  -9.0589755e-01	
   4.6791821e-01	   1.7299156e+00	  -1.2324476e+00	   9.0842370e-01	   1.6527908e+00	
  -9.0697390e-01	   6.2276852e-01	   3.8847520e-01	   3.9352145e-01	  -1.1922319e-01	
  -9.7516945e-01	   5.2773883e-01	   2.6195357e-01	   3.0048352e-01	   8.8851592e-01	
  -1.5564801e+00	   2.3386564e-02	   1.2261450e+00	   1.5552609e+00	   4.0999238e-01	
   2.7724396e-01	   1.7950612e+00	  -2.0253768e-01	   7.9499022e-01	   9.7534417e-01	
  -8.4592892e-02	   2.0903246e+00	  -4.1749360e-01	   7.6645754e-01	   9.4541091e-01	
  -3.4026938e-02	   1.5148483e+00	  -2.7703261e-01	   8.4978351e-01	   4.8303337e-01	
   1.3148494e-01	  -2.0340964e+00	  -3.4874071e-01	   1.3539532e+00	   5.2054307e-01	
   4.3946801e-01	  -1.3852906e+00	   1.4393305e-02	  -3.0823756e-03	   4.0661682e-01	
   1.6249725e-01	  -1.6025621e+00	  -2.9716178e-01	   5.4763896e-01	   7.6004295e-01	
   2.7781611e-01	  -1.6449286e+00	   1.1890790e-01	  -2.4147110e-01	   9.3453918e-01	
   2.9446773e+00	   4.4297052e-01	  -1.7010203e-01	  -8.6767877e-01	   1.3879602e+00	
   4.1632497e-01	  -2.1861767e+00	  -6.7199351e-01	   8.0533556e-01	   7.4577850e-01	
   5.7878677e-01	   3.3756547e-01	  -2.6684526e-01	  -1.0343088e+00	  -7.3609194e-01	
   5.5112554e-01	   1.4597554e-01	   9.5111334e-01	  -4.5984998e-01	  -8.4614005e-01	
   4.8719682e-02	  -2.6651633e-01	   3.4009374e-01	  -9.5133427e-01	  -2.9250977e-01	
   2.8518005e-01	  -4.1540509e-01	   1.1921455e+00	  -3.6247435e-01	  -8.4104082e-01	
   7.3492415e-01	  -1.4084289e-01	   4.8648824e-01	  -3.1092472e-01	  -1.4110906e+00	
   3.9582036e-01	  -1.9899542e+00	  -5.6820552e-01	   3.9148343e-02	   5.4961517e-01	
   3.1526729e+00	   2.3488361e-01	   2.7356817e+00	   4.9195469e-01	   9.3128425e-01	
   7.3282647e-01	   2.1917212e-01	  -4.1608718e-01	  -6.0308774e-01	  -7.3920858e-01	
   3.1706219e+00	  -6.1348126e-02	  -2.7389848e-01	   6.6510753e-02	   1.7515831e+00	
   3.1966945e+00	   5.3597488e-01	   2.4090421e-01	   1.5173418e-01	   1.5596810e+00	
  -5.9000301e-01	  -1.1779544e-01	   1.4215850e+00	   4.2946759e-01	   9.7626772e-01	
   4.3790912e-01	  -1.6212764e+00	  -1.0323965e+00	  -7.3779518e-02	   7.2116395e-01	
   1.9744807e-01	   1.3833889e-01	   7.0987455e-01	  -1.0812362e-01	  -7.4812143e-01	
   2.4825204e-01	   3.2514152e-01	  -9.8621160e-01	  -1.0648859e+00	  -5.6922441e-01	
   4.5979631e-01	  -4.2443167e-02	   3.3328899e-01	  -3.6197390e-01	  -1.3456151e+00	
   1.8826639e-01	  -1.0115705e-01	  -2.6609070e-01	  -4.0078590e-01	  -9.9112713e-01	
  -4.9628527e-01	   1.6344855e+00	  -5.8306126e-01	   6.6307119e-01	   1.1247786e+00	
   3.0278162e+00	   3.1074287e-01	   4.7494148e-01	   1.5069200e-01	   1.6336133e+00	
   8.0182025e-02	  -1.7943255e+00	   8.9293412e-02	   2.1509576e-01	   1.0092591e+00	
  -1.2109660e+00	   5.9305983e-01	   1.2525103e+00	  -9.9008105e-01	   7.4470661e-01	
  -1.1448604e+00	   3.7675161e-01	   4.0075653e-01	  -1.2714835e+00	   9.0923110e-01	
   1.0054216e-01	   1.6271413e+00	  -1.0484074e+00	   1.2246511e+00	   6.5319281e-01	
   2.7550083e-01	   7.4035619e-02	  -3.2066995e-01	  -5.1662283e-01	  -1.2256397e+00	
   2.9665311e+00	   2.8068688e-01	  -1.8468019e-02	   7.2292301e-01	   1.1631910e+00	
   1.1468377e-02	   1.8467989e+00	  -1.5466066e-01	   1.0925050e-01	   1.8243127e+00	
   7.6057117e-01	  -1.4048249e+00	   3.3347312e-02	   7.3005468e-03	   4.6987621e-01	
   7.3123818e-01	   2.8591192e-01	   1.0888727e-01	  -2.5930878e-02	  -1.8943000e+00	
   3.4133344e+00	   3.0364631e-01	   7.8294445e-01	   3.3437440e-01	   1.7849418e+00	
  -1.8652306e+00	  -1.3312972e+00	   3.6304400e-01	  -2.2815685e+00	   1.5733998e+00	
   4.2411781e-01	  -1.3594089e+00	   2.7437637e-02	  -7.1334692e-02	   2.1044380e-01	
   1.7831612e-01	   1.8069833e+00	  -4.6096399e-01	   1.4447927e+00	   8.3957867e-01	
   3.7227100e-01	  -9.8739786e-02	   1.5175597e-01	  -2.5450491e-01	  -1.6478726e+00	
   5.0311186e-01	   1.9374367e-01	   4.1775425e-01	  -8.2806263e-01	  -1.1388201e+00	
   4.1467719e-01	   2.1672271e-01	   1.7656112e-01	  -1.0031641e+00	  -1.4951968e+00	
   2.8145306e-01	   1.2986920e+00	  -5.7252359e-01	  -1.3626585e+00	  -8.0383277e-01	
   4.1419288e-01	  -4.0939120e-01	  -1.4937568e-01	  -6.7399086e-01	  -7.5526781e-01	
   3.6789053e-01	   1.8345266e+00	  -1.5191382e+00	   7.6454251e-01	   6.1765801e-01	
  -2.0243604e-01	  -3.4532465e-01	  -3.3991616e-01	  -9.3463096e-02	  -1.1909966e+00	
  -1.7844410e-01	  -1.4522243e-01	   3.8043616e-01	   3.4798559e-02	  -9.3426929e-01	
   2.8431592e-01	   3.9946196e-02	   2.9152257e-01	   3.8603175e-01	  -1.0775586e+00	
  -3.6968097e-01	   2.0558727e+00	  -1.1044843e+00	   9.7560962e-02	   1.2111706e+00	
  -2.0719689e-01	  -3.8454588e-01	   1.6184852e-01	   8.4910709e-02	  -8.0774484e-01	
  -1.0338640e-01	  -2.2197201e-01	  -2.6786096e-01	  -2.0446786e-01	  -1.4605993e+00	
   4.6383897e-01	  -1.6651666e+00	   1.4549206e-01	  -4.7536525e-02	   6.3904967e-01	
   6.1589334e-02	   1.9474149e+00	  -5.0644812e-01	   1.0260984e-01	   1.0071747e+00	
   5.1042819e-01	  -1.3415926e+00	   1.9711191e-01	   3.1284125e-01	   5.5307548e-01	
  -5.2741992e-03	  -1.4487860e+00	  -2.0985039e-01	   4.8802220e-01	   2.3515624e-02	
   2.4109414e-01	  -1.3268687e+00	  -4.8589841e-01	   2.1717318e-01	   5.9726166e-02	
   6.8131787e-01	  -8.3500578e-02	  -3.0972106e-03	  -2.8900318e-01	  -1.6710279e+00	
   4.5477418e-01	  -1.7801634e+00	  -2.9372444e-01	   1.1554629e+00	   6.6795385e-02	
   4.0424751e-01	  -4.2914059e-01	   3.1565081e-01	  -5.1884964e-01	  -7.3696272e-01	
  -9.9401362e-02	   1.6926972e+00	  -1.8082414e+00	   1.4106645e+00	   8.4101762e-01	
   3.8605083e-01	  -1.6065701e+00	  -3.7144547e-01	   2.1804557e-01	   5.1565945e-01	
   4.4515613e-01	  -1.3850198e+00	  -7.8986635e-01	  -6.8786409e-02	   9.2227821e-01	
  -1.0022076e+00	  -3.1163608e-03	   7.1670159e-01	  -1.0633564e+00	   5.0297819e-01	
   3.5942596e-01	  -1.5761497e+00	   8.8766531e-02	  -1.1452572e-01	   3.0300471e-01	
   3.5032964e+00	   1.0424266e-01	   6.9431231e-01	  -4.2181288e-01	   3.1109394e+00	
  -9.6912210e-01	  -1.3878698e-01	   1.0128630e+00	  -1.1250858e+00	   1.2298841e+00	
  -9.2742630e-01	   5.6726700e-01	  -4.1420771e-01	   4.0860252e-01	  -1.3183217e-01	
   6.1287495e-01	   5.0640051e-02	  -1.1027826e-01	  -1.0831639e-02	  -1.4157152e+00	
   4.7049390e-01	   8.0579620e-02	  -3.0928143e-02	  -1.5492483e+00	  -6.9624902e-01	
   3.0298909e+00	  -6.4634513e-02	   4.8866255e-01	   1.8268055e-01	   1.9527656e+00	
   4.5193726e-01	  -2.0428986e+00	  -7.9721658e-01	   1.1343841e+00	   4.1372038e-01	
   4.3119594e-01	  -7.2159273e-02	   6.5390104e-01	  -9.9640979e-01	  -7.5997516e-01	
   3.3921779e+00	   1.2730968e-01	   2.6807321e-01	  -3.0174880e-01	   1.7313227e+00	
   2.8841465e+00	   7.6173413e-02	   3.5773827e-01	  -1.5585840e-01	   1.1924437e+00	
   1.9880424e-01	   1.8268121e+00	  -8.9488446e-01	   1.8994173e+00	   7.1534928e-01	
   2.7255293e+00	   4.5915788e-01	   3.0188244e-01	  -2.1083605e-01	   1.4872945e+00	
   3.0134496e+00	   2.3149346e-01	   4.0281924e-01	   5.1151775e-02	   1.5079341e+00	
   2.8348664e-02	  -3.5531805e-01	  -1.0798443e+00	  -4.5097874e-01	  -7.3732812e-01	
  -2.4534376e+00	  -8.7888868e-01	  -1.1351643e+00	   3.6130128e+00	  -6.4157372e-01	
   3.3421337e+00	   3.6163025e-01	   2.6347835e-01	   9.9519813e-01	   1.3266956e+00	
   2.9826601e+00	   2.4883376e-02	   6.1768737e-01	  -1.4904038e-01	   1.7232023e+00	
  -1.7240362e+00	  -1.1500326e+00	  -6.4962153e+00	   1.4906388e+00	   4.3590458e-01	
   4.0805359e-01	   1.4845401e+00	  -1.6642356e-01	   5.1084241e-01	   1.1926388e+00	
  -4.7099476e-01	   1.9991660e+00	   6.8717199e-01	   1.3797037e+00	   2.5855746e-01	
  -2.7086268e-01	   1.2236936e+00	  -6.9665666e-01	   7.7829029e-01	   1.3383719e+00	
  -1.3603351e+00	   1.1966320e-02	  -6.6307804e-02	   8.0620167e-01	   5.5482169e-01	
  -1.6382999e-01	   1.3717889e+00	  -6.9048497e-01	   1.3682583e+00	   1.0164236e+00	
   5.1773391e-01	   1.9708827e-01	  -5.4418932e-02	  -8.3388335e-01	  -6.8998712e-01	
  -3.0320745e-02	   1.9519121e+00	  -5.1356246e-01	   1.3057100e+00	   5.5568640e-01	
   2.6754341e+00	  -2.9155611e-02	   3.1077676e-01	  -1.1023031e-01	   1.2433408e+00	
   1.1488594e+00	  -1.8300031e+00	  -3.0001360e-01	   6.8476064e-01	   6.9860782e-01	
   1.2160878e-01	   1.4789414e-01	  -4.4780866e-01	   1.9270027e-01	  -1.3576856e+00	
   5.3256035e-01	   1.4987043e-01	  -4.1343377e-01	  -3.2603759e-01	  -1.4515168e+00	
  -1.5357565e-01	   1.9826487e+00	   2.7156561e-01	   7.4606587e-01	   4.7380566e-01	
  -1.4139570e+00	  -2.0077495e+00	   3.4718080e+00	   1.5335056e+00	   9.1027094e-01	
  -1.2081734e+00	   4.6074122e-01	  -1.7851328e-01	   1.8507666e-01	   8.6365230e-02	
   1.3418678e+00	  -1.9432753e+00	  -8.7965426e-02	   1.2135898e-01	   1.1707693e+00	
  -1.2999952e+00	   3.7661397e-02	  -5.2012870e-01	   7.3110459e-01	   6.3519718e-01	
   3.0225265e+00	   5.0110685e-01	   3.1620161e-02	  -8.2153687e-03	   1.5275768e+00	
  -1.0916932e+00	   6.4274685e-01	   4.7608273e-01	  -2.0784371e-01	   7.2819015e-01	
   2.6906827e+00	   8.4861579e-02	  -3.9376248e-01	   2.9690087e-01	   1.5797459e+00	
  -8.9926285e-01	   8.5631877e-01	  -6.7246474e-02	   2.8426248e-01	   3.0058406e-01	
   3.9682698e-02	  -3.6711426e-01	  -6.7163818e-01	  -1.0667364e-01	  -9.2162117e-01	
  -3.7170751e-02	   2.2723281e+00	  -1.7693823e-01	   7.4175342e-01	   7.3634585e-01	
   2.7364387e+00	   4.0459892e-01	  -5.3336080e-02	  -3.2400885e-01	   1.7518950e+00	
  -2.2973975e+00	   1.1321181e+00	   2.6421917e+00	  -6.7414769e+00	   1.8099009e+00	
  -1.1203030e+00	   2.5197555e-01	   4.6149854e-01	   1.3989450e-01	   1.0352512e+00	
   2.1069531e-01	  -3.9265877e-02	   7.1977899e-01	  -5.8196022e-01	  -1.1280076e+00	
   5.0781930e-01	  -1.5268256e+00	  -2.9883497e-01	  -6.0546891e-02	   2.2573526e-01	
   4.6379058e-01	  -7.9209793e-02	  -2.1306995e-01	  -5.7673341e-01	  -1.7219130e+00	
  -1.1706900e+00	   7.3621333e-01	   8.5186891e-01	   4.4965179e-01	   5.4692017e-01	
  -1.2358305e+00	   3.8076448e-03	   2.4142632e-01	   1.2731001e+00	   6.8831951e-01	
   4.1788241e-01	  -1.7713632e+00	  -6.5590256e-02	   9.4688546e-02	   7.7068947e-01	
  -8.4447614e-01	   7.1424521e-01	   3.1710748e-01	  -2.7947818e-02	   7.7874687e-01	
  -1.0234735e+00	   9.7626147e-01	   2.7669000e-01	   3.9210534e-01	  -2.4772976e-01	
  -1.0739697e+00	   7.1801494e-01	   5.0346957e-01	   9.1261468e-02	  -5.6461969e-03	
   4.6792799e-01	   9.9641150e-03	   9.9479506e-01	  -2.2304336e-01	  -1.3401233e+00	
   4.9005127e-02	   2.2203701e+00	  -8.9292095e-01	   7.6898858e-01	   8.8519131e-01	
   7.7013667e-01	   4.1419000e-01	  -3.3225445e-01	  -1.4477757e+00	  -2.2967748e-01	
   2.5079581e-01	  -1.3305861e-01	  -5.6143981e-01	   2.9776138e-01	  -4.0614712e-01	
   2.8130779e+00	   6.8375994e-02	   1.3188294e-01	   2.2108304e-01	   1.7793507e+00	
   2.5484506e+00	   4.3067757e-01	   6.4666413e-01	  -5.3648311e-01	   2.0139385e+00	
   6.8433440e-01	  -8.7196509e-02	  -3.2883226e-01	  -1.1995433e+00	  -1.1196630e+00	
  -3.5476479e-01	  -1.4890234e-01	   9.2733934e-02	  -9.0402425e-02	  -8.4808269e-01	
   3.9931603e-01	  -1.3170063e-01	   8.4641821e-01	  -4.3480747e-01	  -1.3851636e+00	
   3.0479632e-01	  -5.5108083e-01	   5.1789297e-01	  -7.3299847e-02	  -1.0204313e+00	
   4.4259078e-01	   2.6658992e-01	   1.1101681e+00	  -6.8286043e-01	  -1.3913026e+00	
   3.4794776e-01	   1.0736492e-01	  -8.5503571e-02	  -9.3251574e-01	  -7.9830559e-01	
  -1.0949089e-01	   1.8144491e+00	  -8.9640597e-01	   7.8520217e-01	   7.1009425e-01	
  -1.2856780e-01	   1.9713954e+00	  -4.9229244e-01	   7.3290046e-01	   8.8710249e-01	
   4.3967897e-01	   1.4040796e-03	   2.1912684e-01	  -3.9545737e-01	  -1.1449391e+00	
   6.8322304e-01	  -5.3724149e-01	   1.5722348e-01	  -2.9014734e-02	  -3.7784163e-01	
   8.7074301e-02	  -1.6457102e-01	   6.0513611e-02	   5.5961991e-01	  -1.4009463e+00	
   2.1667237e-01	  -1.7254143e+00	  -8.4837180e-01	   7.2756521e-01	   4.3146575e-01	
   2.4481305e-01	   4.9043724e-01	  -1.0346342e-01	  -8.4591002e-01	  -1.2349136e+00	
   3.9400945e-01	  -9.9160392e-02	  -2.7513805e-01	   3.4726699e-01	  -9.6405698e-01	
   5.0271457e-01	  -1.5896579e+00	   3.1279054e-01	  -4.0213312e-01	   1.2591399e+00	
   4.1753384e-01	   1.5671008e+00	  -2.0509429e-01	   7.6329763e-01	   9.3441391e-01	
  -2.9556744e-01	  -7.9522142e-01	   7.5282286e-01	  -1.8204237e+00	   2.0848772e+00	
   6.9166390e-01	   1.8471394e-01	  -8.8613085e-01	   3.5364559e-02	  -1.1430691e+00	
  -2.7028759e-02	  -3.3236410e-01	  -5.4555863e-01	  -8.1615703e-01	  -9.7960591e-01	
   2.4879283e-01	  -1.4330357e+00	  -1.0820499e+00	  -4.2186158e-01	   1.1396305e+00	
  -1.2309822e+00	  -1.1230489e+00	   8.4799842e-01	  -1.0003979e+00	   1.8895172e+00	
   4.9943777e-01	   1.0790239e-01	  -2.4983303e-01	  -6.3960994e-01	  -8.7804495e-01	
   1.9434728e-01	  -1.9406548e+00	  -1.1947200e+00	   4.7202016e-01	   7.1842229e-01	
   5.6178280e-01	   3.1814429e-03	   2.6095277e-01	  -1.0470976e+00	  -8.2093883e-01	
   1.6936794e-01	  -1.7342737e+00	   5.7549607e-02	   4.7633153e-01	   4.1656802e-01	
  -2.0202389e+00	  -1.8286325e+00	  -6.1385446e+00	   6.5198753e-01	   1.6374509e+00	
   4.5783666e-01	   3.0256602e-02	  -1.0218438e-01	   7.6180962e-02	  -1.2258044e+00	
   1.9742398e-01	   3.6297927e-01	   8.2311403e-01	  -1.7299682e+00	  -1.4784153e+00	
  -7.2427488e-02	   2.0432995e+00	  -6.2622512e-01	   1.2970672e-01	   1.6565001e+00	
  -2.4199176e-01	   1.5289157e+00	   1.3134975e-01	   6.6825883e-01	   1.1023507e+00	
   4.5945108e-01	   1.8553016e+00	  -9.9814345e-01	   5.3128898e-01	   1.3761031e+00	
   5.0711107e-01	  -6.4455236e-02	  -3.2140097e-01	  -3.6837132e-01	  -1.5875276e+00	
  -1.2269122e+00	   2.0594590e-02	   5.9849850e-01	  -2.6653372e-01	   1.0515984e+00	
   2.8603448e+00	   4.3070214e-01	   6.8923158e-01	  -3.5053484e-01	   1.7317806e+00	
  -1.2795414e+00	   5.5289626e-01	   8.2630401e-01	  -6.1491232e-01	   5.4450161e-01	
   4.2977086e-01	   5.6196317e-03	   2.1471702e-01	  -3.7759925e-01	  -1.3438730e+00	
   2.7916676e+00	   5.5116027e-01	  -1.8483085e-01	  -2.5179571e-01	   9.9125257e-01	
   1.9702359e-01	   2.0275855e+00	  -5.1897623e-04	   8.8486242e-01	   2.5087109e-01	
  -1.1118382e+00	   3.9344492e-01	   3.7328164e-01	  -2.5585484e-01	   9.2730970e-01	
   2.2404188e-01	  -1.7260433e+00	  -7.3786737e-01	  -7.0443798e-01	   5.7475865e-01	
  -1.4972564e+00	  -1.7921835e+00	   2.9210569e+00	  -1.3250967e+00	   2.5908180e+00	
  -1.4589550e+00	   3.2772971e-01	  -5.0229006e-01	   1.6921462e+00	  -4.5179776e-01	
   9.8216582e-01	  -2.1923878e-01	  -1.1938491e-02	   5.3884703e-01	  -6.1302045e-01	
  -2.4076803e+00	  -1.1395155e+00	  -2.0926678e+00	  -5.3119512e+00	   2.4485986e+00	
  -1.6432631e-01	   2.2416500e+00	  -4.9971007e-01	   1.5121337e+00	   4.4036428e-01	
   6.5647702e-02	  -2.1697092e+00	  -5.8598150e-01	   6.0083688e-01	   7.1174044e-01	
  -2.7223092e-01	   1.9802327e+00	  -3.8639639e-01	   6.5451575e-01	   6.5251005e-01	
  -2.2874593e-01	   1.7378721e+00	  -1.7398397e-01	  -2.6030138e-01	   1.1061529e+00	
  -1.2592312e-01	   1.8085618e+00	  -5.1221919e-01	   9.1190442e-01	   6.4685382e-01	
   1.2862144e-01	   1.6566242e+00	   1.5929347e-01	   1.0404074e+00	   6.8861870e-01	
   3.1109032e+00	   1.6662185e-03	   5.6421335e-01	   8.7858197e-01	   1.4409114e+00	
   3.4246254e+00	  -4.1763208e-01	   5.5464013e-01	  -1.8251593e-01	   2.1377213e+00	
   3.7323220e-01	   1.9694788e+00	  -5.8679230e-01	   8.3048424e-01	   1.3905605e+00	
  -7.9274800e-01	  -1.7351744e-01	   3.5694987e-01	   4.8258129e-01	   1.1357362e+00	
   7.0908885e-01	   2.3759600e-01	  -6.5845509e-01	  -6.3215585e-01	  -1.1859309e+00	
   3.1647131e+00	   1.4306820e-01	   1.8659584e-01	   1.9458142e-01	   1.9493509e+00	
  -2.0904290e+00	  -1.9810949e+00	  -3.8335998e+00	  -4.4755709e+00	   3.0658007e+00	
   5.4288633e-01	  -4.5591049e-01	  -2.3978066e-01	  -1.0587763e+00	  -4.5092977e-01	
  -6.8283069e-01	  -1.0706599e+00	   8.9816205e-01	  -5.6790283e-01	   8.8580028e-01	
   3.2114690e-02	   2.0607299e+00	  -5.4192916e-01	   1.0290078e+00	   1.1375468e+00	
   2.5823771e-01	  -1.7778349e+00	  -7.5408624e-01	  -8.9691509e-03	   8.7447773e-01	
  -7.0733321e-01	   6.8314599e-01	   2.1356646e-01	   9.9453067e-03	   2.8425002e-01	
   6.3730976e-01	   3.1185229e-02	   2.8199051e-01	  -6.9851755e-01	  -1.1807680e+00	
   1.5631571e-01	   5.1817270e-02	  -8.4865451e-01	   1.0570493e-01	  -1.2178705e+00	
   1.7955027e-01	   2.1007435e+00	  -7.8469658e-01	   9.4517614e-01	   1.0877942e+00	
   3.8748429e-01	   1.9549417e+00	   2.0516130e-01	   6.7997816e-01	   9.8119329e-01	
   6.5803010e-01	  -2.2828494e-01	  -8.7177418e-01	  -2.7016664e-01	  -1.4440455e+00	
   3.1088460e-01	  -1.5441229e+00	  -3.3607236e-01	  -1.5084149e-01	   4.4542236e-01	
  -1.3261575e-01	   1.3152507e-01	  -4.7943371e-01	  -9.7850471e-01	  -1.3335923e+00	
   3.4988852e-01	   2.0230631e-01	   1.0139312e+00	   1.1182037e+00	  -1.7082001e+00	
  -4.5483812e-01	   1.9007279e+00	  -3.2102179e-03	   1.1313374e+00	   1.1175511e+00	
  -4.9862184e-02	   1.9689331e+00	  -6.8717319e-01	   4.4027192e-01	   1.3431583e+00	
   1.4188590e-01	   1.5884945e+00	  -3.4505622e-02	   7.4695295e-01	   6.2914375e-01	
   2.4480543e-01	  -1.9698696e+00	  -1.0628154e+00	   1.0420968e+00	   3.6591680e-01	
   3.1656702e+00	   9.5392454e-03	   1.0945926e+00	   3.1234473e-01	   1.5275602e+00	
   1.6061326e-01	   1.7340729e+00	  -4.7234270e-01	   7.3392337e-01	   1.3304097e+00	
  -2.8681689e-01	   1.8215518e+00	  -8.7794062e-02	   8.4535448e-01	  -1.2041787e-02	
   9.9599247e-02	   1.6759899e+00	  -1.0897989e-01	   7.0042986e-01	   5.7861861e-01	
   3.0510138e+00	   1.4494458e-01	  -1.6734984e-01	   6.3822957e-01	   2.1080604e+00	
   7.3521126e-01	  -1.5266275e+00	  -7.6448935e-02	   9.4687775e-01	   4.6327546e-01	
  -9.6064314e-01	  -1.8883217e+00	   5.0923249e+00	   2.7572022e+00	   2.2969645e-01	
   1.2144472e-01	   2.0174363e+00	  -5.0508279e-01	   1.2988474e+00	   6.5595112e-01	
  -1.3135046e+00	   4.2575019e-01	   3.8178803e-01	   2.3165001e-01	   8.7537007e-01	
   2.5056100e-02	  -2.8895640e-01	   5.2514448e-01	  -5.8081319e-01	  -1.1119985e+00	
  -1.0486702e+00	   3.7591123e-01	   2.9841037e-01	  -1.7758245e-01	   3.9376340e-01	
  -1.0580365e+00	   1.0093751e+00	   6.0538722e-01	   2.4314876e-01	  -3.7061109e-03	
   3.1589178e+00	   4.8435234e-01	  -7.0912177e-02	  -1.0883390e+00	   1.9113049e+00	
   3.7124937e-01	   1.5306236e-01	   3.9158548e-01	  -9.2311357e-01	  -1.1515708e+00	
  -1.1433335e-01	   1.9454270e+00	   2.7343374e-02	   7.0211421e-01	   9.4184879e-01	
   6.7746010e-01	  -5.7027006e-02	  -1.4114430e-01	  -4.3175794e-01	  -1.2941656e+00	
  -9.7340082e-01	   2.7180310e-01	   6.7544018e-03	  -3.6031093e-01	   6.1823061e-03	
   7.8166322e-03	   1.5680074e+00	  -9.2604567e-02	   8.4800453e-01	   7.4181176e-01	
   3.7215169e-01	  -3.9164030e-04	   3.7152635e-01	  -4.0191906e-01	  -1.2916386e+00	
   2.0554197e-01	  -7.7395590e-02	   2.0131500e-01	  -7.8857620e-01	  -4.5811231e-01	
   3.6913267e-01	   6.9792651e-03	   1.1044483e-01	  -4.0924517e-01	  -1.2198845e+00	
   3.1348892e+00	  -8.5737548e-02	   1.3753828e-02	   5.4761366e-01	   1.3247062e+00	
   3.7934015e-02	   1.7876563e-01	   3.1433274e-02	  -8.7520036e-01	  -8.2667295e-01	
   2.9157313e+00	   2.1060409e-01	   9.7838701e-03	   3.2180869e-01	   1.1149990e+00	
   4.3921191e-01	   3.5566327e-01	  -7.8658198e-02	  -1.3455338e+00	  -7.0677151e-01	
   4.7195870e-01	  -2.3244124e+00	   1.2011511e-01	   1.9294184e-01	   1.1654718e+00	
   4.8353139e-02	  -3.3413111e-01	   2.7100384e-01	  -3.3873192e-01	  -1.0146682e+00	
   8.0681063e-01	   2.7508429e-01	   3.1550143e-01	  -2.0306427e-01	  -1.3133850e+00	
  -9.5200326e-02	   4.2185170e-01	   3.4870441e-01	  -3.0941149e-01	  -6.0754007e-01	
  -1.3712363e-01	  -1.4105349e-01	  -4.7870552e-01	   4.8983824e-01	  -1.0634833e+00	
   4.1318103e-01	  -1.6999166e+00	   1.8681287e-01	   1.0868522e-01	   2.5059465e-01	
   4.5169969e-01	  -1.3680941e+00	   2.4070426e-01	   4.5988993e-01	   1.4399788e-01	
   2.3332510e-01	  -1.5560068e+00	   6.8654796e-01	   6.0877117e-01	   4.9980589e-01	
   3.4192190e-01	   1.7191056e-01	  -2.4596499e-01	  -7.0045869e-01	  -1.2665662e+00	
   9.2927500e-02	   1.7976221e+00	  -6.6557108e-01	   6.9096542e-01	   1.1003670e+00	
   2.9020707e-01	   3.3749794e-02	   8.8300508e-02	  -2.4490013e+00	   1.0676662e-01	
  -9.7627448e-01	  -4.6368765e-01	   1.1478368e-01	  -1.5335853e+00	   1.8231533e+00	
   4.0543317e-01	  -1.2164705e+00	  -4.8539545e-01	   1.2168514e-01	   2.5144308e-01	
   2.9930425e-01	  -3.3118502e-01	  -2.8856420e-01	   3.8435493e-01	  -1.4345741e+00	
  -1.9569697e-01	   5.7950895e-02	   2.5418669e-01	  -8.2815234e-01	  -1.4389323e+00	
  -1.5785626e-01	   1.9449325e+00	  -2.4854883e+00	   1.7570264e+00	   3.8456486e-01	
  -1.0809524e+00	   5.4030864e-01	  -5.4162581e-01	   1.3460529e+00	  -1.6070175e-01	
  -2.0865331e-03	   1.8434752e+00	  -6.5407493e-01	   7.6492076e-01	   8.4707512e-01	
   4.1617958e-01	  -2.1020842e+00	  -6.9766478e-01	   2.5464484e-01	   9.5965904e-01	
   3.1865790e-01	   5.9425184e-01	   7.1269893e-02	  -1.5295157e+00	  -7.7281322e-01	
   5.0286382e-01	  -5.0909161e-03	   4.4110982e-01	  -4.7610759e-01	  -6.3718622e-01	
  -9.7260718e-01	  -2.4994146e-01	   7.2424893e-01	  -7.2033053e-01	   8.7336658e-01	
   4.7244861e-01	  -1.3503655e+00	  -5.9936759e-01	   2.7753948e-01	   3.1771432e-03	
   3.3711438e+00	   6.0547818e-01	  -3.4355808e-01	  -6.7554230e-02	   1.7175254e+00	
   4.2858103e-01	  -1.7067029e+00	  -3.2625677e-02	   8.7007334e-01	   4.5670476e-01	
   4.6262059e-01	  -1.4838182e+00	  -4.2613228e-01	  -1.4573041e-01	   3.6229248e-01	
   2.8990997e-01	   1.6714905e+00	  -2.4463313e-01	   4.3752776e-01	   1.5057592e+00	
  -2.6308903e-01	   1.8494831e+00	  -4.1874685e-01	   4.8925428e-01	   1.6127001e+00	
   1.8857501e-01	  -1.6780605e+00	   2.5006224e-02	   2.7578775e-01	   7.2398336e-01	
   2.5063723e-01	  -2.0795252e+00	  -1.3651243e-01	  -2.5551644e-01	   1.3380717e+00	
   6.5213843e-01	  -6.3435664e-02	  -6.9704065e-02	  -3.8531476e-01	  -1.2178909e+00	
   6.9374316e-03	   2.0233109e+00	  -8.3983866e-01	   6.5310608e-01	   7.2843801e-01	
   6.2414465e-01	  -1.9761968e+00	  -1.1563625e-01	   5.7640534e-01	   1.0744684e+00	
  -9.2143890e-01	   4.0095785e-01	  -4.3588482e-01	  -4.8010475e-02	   5.9694415e-01	
   3.5594219e-01	   8.6562088e-02	  -3.8342109e-01	  -1.1571926e+00	  -1.1513545e+00	
   3.4879848e-01	  -9.6997492e-02	   3.1410075e-01	  -5.0055723e-01	  -8.6614585e-01	
   5.8637310e-01	  -1.4382878e-01	  -1.8791027e-01	  -6.0232240e-01	  -1.0278903e+00	
   6.2985098e-01	  -1.1728119e-02	   1.5739382e+00	   3.4822064e-01	  -1.2118413e+00	
   4.8783384e-01	  -7.8654561e-02	  -4.8606814e-02	  -3.6501803e-01	  -1.1984423e+00	
   5.7180264e-03	   1.8185478e+00	   1.1925227e+00	   5.3520138e-01	   2.1552929e+00	
   2.3932114e+00	   1.9808025e-01	   2.9701081e-01	  -8.3004523e-01	   2.3807971e+00	
   2.7226495e-01	  -6.3621555e-02	  -3.7547160e-01	   2.6416617e-01	  -9.0225273e-01	
   7.7925610e-01	  -1.4407551e+00	  -6.6167593e-01	   2.5482490e-01	   6.0569336e-01	
  -1.7408888e-01	  -1.9717645e+00	  -8.9469455e-02	   8.7615079e-01	   3.6439028e-01	
   5.9264224e-01	  -1.9894373e+00	  -7.1261835e-01	   8.7834280e-01	   2.9401225e-01	
  -1.1503677e+00	   6.4149709e-01	   3.1182497e-01	   1.1959854e+00	  -2.3371493e-01	
   7.1401470e-02	   1.8531773e+00	  -3.7576695e-01	   5.9755260e-01	   1.1042505e+00	
   1.2750589e-01	  -2.0852264e-01	  -6.8551645e-01	  -4.4958719e-01	  -1.0828725e+00	
  -3.0656134e-01	   1.7217698e+00	   3.4677475e-01	   1.0083821e+00	   1.1346727e+00	
   2.3272611e-01	   1.9116846e+00	  -4.8769198e-01	   7.8403650e-01	   6.1715247e-01	
  -2.9221025e-01	   1.5426205e+00	  -4.9142767e-01	   1.0972115e+00	   2.9942134e-01	
   2.2568105e-01	   2.7135904e-01	  -2.2818864e-01	  -7.9981214e-01	  -1.0726230e+00	
   2.5491086e-01	  -2.5118473e-01	   6.3122300e-01	  -3.1585078e-01	  -8.7834431e-01	
   6.6157520e-01	  -1.7430270e+00	  -3.8196980e-01	   7.6251567e-01	   4.9234297e-01	
   5.4648981e-01	  -8.5322087e-03	   1.1145442e-01	  -7.4398771e-02	  -1.1276459e+00	
  -2.7329094e-01	   2.1882285e+00	  -2.7398379e-01	   7.5529768e-01	   5.0717132e-01	
  -7.6198793e-02	   1.6102149e+00	   2.1675759e-02	   7.3530447e-01	   8.1617421e-01	
   3.1365119e+00	  -2.1902778e-01	  -1.7908086e-01	  -6.3799949e-02	   1.9662988e+00	
   4.8675416e-01	   1.5465745e+00	  -8.0351721e-01	   1.1411375e+00	   7.8001515e-01	
  -4.1708628e-01	   2.0688560e+00	  -6.7751454e-01	   1.1520590e+00	   3.6704220e-01	
   6.6504898e-01	   1.4592297e-01	   7.8409719e-01	   2.9707752e-01	  -1.4220038e+00	
  -2.7650766e-01	   1.8631841e+00	  -7.1274786e-01	   8.9553200e-01	   1.1808515e+00	
  -2.6868738e-01	   1.6688072e+00	  -4.4705414e-01	   4.9381903e-02	   7.3726230e-01	
   1.8773842e-01	   2.3967389e+00	  -7.9228335e-01	   6.3265587e-01	   4.9981943e-01	
   1.0354515e-01	   1.8834169e+00	   4.1414485e-02	   1.6941215e+00	  -9.1561064e-02	
  -4.5451590e-01	   2.1305569e+00	  -6.9457005e-02	   2.4524025e-01	   5.9500228e-01	
   2.9599469e+00	  -1.0489495e-01	  -1.5838031e-01	   5.3766452e-01	   1.5760668e+00	
  -8.1669973e-01	   5.6598580e-01	   6.2557576e-01	   1.0186527e-01	   1.9988237e-01	
   3.5640286e-01	   1.9802492e-01	   5.7195165e-01	  -9.7199204e-01	  -9.8605801e-01	
   2.1908121e-01	   1.8653852e+00	  -2.3242901e-01	   7.7259425e-01	   9.2217208e-01	
   8.9990899e-02	   2.0204019e+00	  -4.1789072e-01	   2.3319549e-01	   1.2718275e+00	
   3.1831491e+00	   1.3397460e-01	   2.4909762e-01	   2.9992570e-01	   9.4909910e-01	
  -1.7590222e+00	  -2.0479467e+00	  -4.3085924e+00	   2.0107731e+00	   7.3809640e-01	
   3.2970911e-02	  -2.1986179e-01	  -2.6116591e-01	   2.0764058e-01	  -6.1596220e-01	
  -1.0668541e-01	  -5.2586085e-02	  -6.6447011e-02	  -2.2838150e-01	  -7.2854326e-01	
   1.1332318e-01	  -9.2146180e-01	   2.5194089e-01	   4.8690087e-01	  -2.3030014e-01	
   1.9929900e-01	  -1.4644344e+00	  -3.3197346e-01	  -6.4004942e-01	   9.3814420e-01	
   6.3994344e-02	  -1.7584891e+00	  -6.8757167e-01	   4.8155821e-01	   4.2581455e-01	
   6.0740257e-01	  -1.4442961e-01	  -8.5963778e-01	  -3.1111298e-01	  -1.1877118e+00	
  -1.0070559e-01	   2.3236817e+00	  -5.1407377e-01	   6.4884214e-01	   3.9570028e-01	
   2.1024522e-02	   1.4200243e+00	   2.1801711e-01	   1.8813418e-01	   9.6354507e-01	
  -1.2146095e+00	   4.4893429e-02	   8.6504706e-01	   8.0658143e-01	   6.5317915e-01	
   1.8775754e-01	  -1.8720368e+00	   5.9758657e-02	   1.8213898e-01	   7.8427404e-01	
   3.5803513e-01	  -1.7369707e+00	  -6.9941343e-01	   9.5836439e-01	   6.0331094e-01	
   3.5800839e-01	  -2.2172413e+00	  -1.7632942e-01	   2.8940420e-01	   1.2606553e+00	
   3.9160241e-02	  -1.7972812e+00	  -9.3359864e-01	   3.2586524e-01	   5.2641875e-01	
  -1.2574039e+00	  -2.1294691e+00	   3.7302832e+00	   2.4598660e-01	   1.1898538e+00	
  -1.1757751e+00	   9.2765808e-01	   3.0749502e-01	  -3.8052817e-01	  -1.2442452e-01	
  -6.3212523e-03	  -1.8268698e-01	   4.2998386e-01	  -1.3946052e+00	  -7.8914226e-01	
  -1.3613969e+00	  -1.7163577e+00	   3.5271651e+00	   2.1367489e-01	   6.0106745e-01	
  -3.3481490e-01	  -3.3968671e-01	   3.3772507e-01	   7.7938853e-01	  -1.1872913e+00	
   6.8536950e-02	  -3.2158244e-01	  -2.4853628e-01	  -3.5655906e-01	  -6.7537867e-01	
  -3.4860176e-01	  -2.3667550e-01	  -1.0580221e-01	  -5.2185120e-01	  -6.7252657e-01	
   3.9937473e-02	  -3.0359322e-01	   1.1764830e-01	   1.0367288e+00	  -1.1839282e+00	
   8.4107466e-02	  -1.5653624e-01	  -4.4141279e-01	   1.6141775e-01	  -1.0023968e+00	
   4.4824220e-01	   1.8319226e-01	   3.4670738e-01	  -2.4232960e+00	  -2.5631120e-01	
   4.1910048e-01	  -2.1501840e+00	  -3.8484307e-01	   5.9999894e-02	   1.1520040e+00	
   8.2840432e-01	   2.4314397e+00	  -8.5387036e-01	  -2.2149158e-01	   1.1407274e+00	
  -2.3502823e+00	  -9.4687835e-01	   4.7798563e-01	   5.5349528e-01	  -3.5670820e-01	
   3.9999030e-02	  -2.2659941e-01	   6.9157838e-01	  -1.1020299e-01	   3.0226146e-01	
   7.1138783e-02	  -4.6761823e-01	  -7.2743837e-01	   1.6659600e-01	  -3.5094216e-01	
  -4.0828273e-02	   4.0732640e-01	   2.7228216e-01	  -3.1146123e-01	  -5.7576682e-01	
  -2.0108392e-01	  -3.2838873e-01	  -1.7081418e+00	  -4.5030775e-01	  -5.0697573e-01	
  -1.0966461e+00	   8.0260804e-01	   9.7351284e-01	   1.4216949e+00	  -2.6324555e-01	
   2.0576937e-01	  -1.7296757e+00	  -1.8181218e+00	   2.9987959e-01	   4.9425582e-04	
  -9.8434789e-02	   2.0481943e+00	  -2.6953846e-01	  -5.6179159e-02	   9.5778800e-01	
   1.9825592e-01	   1.9874105e+00	   7.0713247e-01	   4.1392420e-01	   5.3616615e-01	
   2.3999701e-01	   1.8433798e+00	  -3.8254195e-02	   7.3267030e-01	   7.1183885e-01	
  -1.2739064e+00	   2.0629629e-01	   2.2874378e-01	  -2.0625622e-01	   7.9642324e-01	
  -7.7910389e-01	   6.4583118e-01	  -1.0489088e-01	  -2.0833538e-01	   4.2530554e-01	
  -1.4037997e+00	   4.7173843e-01	  -9.2963525e-02	  -5.5711019e-01	   5.5413217e-01	
   2.1465151e-01	   1.0711864e+00	   9.1418225e-01	   7.4094807e-01	   5.9665066e-01	
  -9.7525992e-01	   4.3737774e-01	   7.2914908e-01	   9.6625712e-01	  -1.5629352e-02	
  -1.4145744e-01	   1.8886539e+00	  -5.6814808e-01	   1.3229252e+00	   7.4743524e-01	
  -8.1831900e-01	   9.7100145e-01	   1.0499578e-01	   6.8453048e-01	  -1.1628267e-01	
   3.5701474e-01	  -3.0115901e-02	  -3.8049676e-01	  -2.3355447e-01	  -5.5106018e-01	
  -5.7339865e-01	  -5.6887215e-01	  -2.1017466e+00	  -8.8926783e-02	  -8.0004115e-01	
  -9.1872758e-02	  -5.8678138e-01	   6.1691229e-01	   1.3222951e+00	  -3.6502946e-01	
  -2.9184361e+00	  -7.7293386e-01	  -4.9793754e+00	  -1.6264333e-01	   7.6231155e-01	
   2.3616096e-01	  -2.3971129e+00	   2.7086257e-01	   6.2441025e-01	   1.1810675e+00	
  -1.0997197e+00	   9.7499388e-01	   3.4687088e-01	  -4.2797906e-01	   3.7904899e-03	
   4.2460587e-01	   2.0814263e-01	   3.6272514e-01	  -5.3626679e-01	  -1.5154349e+00	
  -7.2482451e-01	   8.6965303e-01	   2.8339154e-01	  -3.8461919e-01	   3.1720183e-01	
  -1.0919158e+00	   5.4647332e-01	  -7.4444202e-01	   1.4266522e-01	  -4.7149214e-03	
   1.0228510e-01	   2.7568123e-01	  -7.9631851e-01	  -8.1962702e-01	  -1.6077510e+00	
  -1.1718351e+00	   3.5173259e-01	  -1.9876784e-01	  -5.4376318e-01	   8.5191000e-01	
  -1.2583682e+00	   2.8031866e-01	  -1.3930970e-01	   3.0445931e-01	   5.4746435e-01	
   2.6111497e-01	  -1.6839861e+00	   7.4217158e-02	   1.3056775e-01	   5.5053563e-01	
  -1.5926096e+00	  -1.3940597e+00	  -6.7991421e-01	  -1.7294166e+00	   2.1562821e+00	
  -1.3700027e+00	   6.5662117e-01	  -6.8048809e-01	  -7.2762274e-01	   2.9461961e-01	
   1.4982222e-01	   2.3227884e+00	   5.4554569e-02	   5.1098786e-01	   6.2164095e-01	
   1.3716268e-01	   1.9851097e+00	  -1.2265731e+00	  -2.5462971e-01	   7.9229694e-01	
   8.0232867e-02	   2.0122162e+00	  -3.8950961e-01	   1.6431026e-01	   7.5223253e-01	
  -4.5801522e-01	   1.2423439e+00	  -3.5445947e-01	   5.0181664e-01	   1.0445182e+00	
   4.0628061e-01	   8.8455166e-02	  -4.3355742e-01	  -2.6878179e-01	  -1.4376516e+00	
   6.0539981e-01	  -1.1682807e-03	  -2.3322374e-01	  -8.1390791e-01	  -9.8605016e-01	
   2.4735523e-01	  -1.7488537e-01	   3.2361719e-01	  -2.7565819e-01	  -1.0209706e+00	
   3.2526994e+00	   2.1525097e-02	   1.3931723e-01	   2.9380494e-01	   1.5239437e+00	
  -1.2329493e-01	   1.9135574e+00	  -3.6099324e-02	   9.1673773e-01	   4.9183064e-01	
   5.4272600e-02	   1.9158721e+00	  -8.9019435e-01	   1.0524092e+00	   7.0048702e-01	
   2.6176268e-01	  -1.3408373e+00	  -5.4897010e-01	  -5.4672780e-02	   4.0237575e-01	
  -1.0409468e+00	   4.8983734e-01	   6.4087792e-01	   3.8978351e-01	  -6.6593386e-02	
   2.4046556e+00	   2.8194920e-01	  -9.1374496e-01	   1.6756277e-01	   1.0658395e+00	
   1.6832115e-01	  -1.6067180e+00	  -3.8126437e-01	   3.1738286e-01	   1.9716768e-01	
   2.7301781e+00	   2.0522144e-01	   6.7119534e-01	  -4.7006592e-01	   1.7262079e+00	
  -3.2288597e-01	   1.7430081e+00	  -1.2003099e+00	   2.2476988e-01	   1.3343694e+00	
   2.6892768e+00	  -7.3944367e-02	   5.0538675e-01	   3.6369203e-01	   1.5190363e+00	
   3.7175094e-01	   2.0832138e+00	  -9.4173143e-02	   1.6267204e+00	   4.3237594e-01	
   5.5724224e-01	  -1.0576475e-01	  -8.3264522e-01	   9.9946990e-02	  -1.7779870e+00	
   1.2380047e-01	   1.5796915e+00	  -1.3770428e+00	   9.1240802e-01	   1.2923262e+00	
   6.0091034e-02	   1.7804428e+00	  -6.2542672e-01	   1.1029763e+00	   4.8022867e-01	
   1.3024355e-02	   2.3558255e-01	  -2.0089073e-01	  -3.7545900e-01	  -1.0617358e+00	
   3.3689432e-01	  -1.5184700e+00	  -8.1131608e-01	   1.2683971e-01	   5.9960646e-01	
  -7.0276836e-02	   2.1171400e-02	  -1.3189022e-02	  -9.9075628e-01	  -1.4628965e+00	
   3.6625868e-01	   1.0822170e-01	   2.0914846e-01	  -6.8713852e-01	  -1.0791918e+00	
   5.0857958e-01	  -4.4806715e-01	   4.9035313e-01	  -9.7275581e-02	  -1.1440532e+00	
  -1.3173481e+00	   3.3322233e-01	   9.8320464e-01	  -6.1160283e-01	   7.8130464e-01	
   2.9760852e-01	  -1.9818852e+00	  -2.5676507e-01	   4.7368490e-01	   9.5754410e-01	
   3.6701268e-01	   8.1122231e-01	   3.1706844e-01	  -4.9302888e-01	  -1.0003208e+00	
   3.4944170e-01	   1.6437643e-01	   8.6832787e-01	   7.6722296e-01	  -1.9004900e+00	
   5.9986229e-01	   1.1488659e-01	   3.7624323e-01	  -1.1383057e+00	  -1.2285061e+00	
  -2.0399719e+00	  -1.4361236e+00	  -4.5147389e+00	  -3.3743912e+00	   2.0836792e+00	
  -1.2700551e+00	   6.5352825e-01	   6.3977171e-01	   1.8513494e-01	   3.4986409e-01	
   3.2575426e-01	  -1.5565650e+00	  -4.2048061e-01	  -1.8753744e-01	   6.6328311e-01	
  -5.0953317e-02	  -1.8015149e+00	  -1.0606370e+00	   5.1033772e-01	   4.4478958e-01	
   5.7273306e-01	  -1.7161203e+00	   3.6816163e-02	   3.0623472e-01	   5.2026656e-01	
  -1.2420126e+00	   8.5602456e-01	   9.0058976e-01	  -1.2353706e+00	   5.6720848e-01	
   5.6163085e-01	  -3.2635545e-01	  -1.2649466e-01	  -3.3678403e-01	  -6.6274970e-01	
   3.2738266e-01	  -1.2606218e+00	   1.6925407e-01	   2.3392663e-01	   5.9778110e-01	
  -2.3800893e+00	  -1.8795577e+00	  -3.5583404e+00	   4.2625866e+00	  -1.5488080e-01	
   1.4596175e-01	  -1.4591880e+00	  -1.0200362e+00	  -2.6065861e-02	   7.5170200e-01	
   5.6516749e-01	  -1.7637741e+00	  -6.4001251e-01	  -3.5420863e-01	   7.8309891e-01	
   4.9689836e-01	  -1.4981804e+00	   8.4652836e-02	   9.9596770e-02	   3.1129139e-01	
   1.8975284e-01	  -1.8148867e+00	  -1.8382537e-01	   1.0840183e+00	  -2.1902270e-01	
  -1.7135413e-01	   1.5516434e+00	  -5.6862481e-01	   1.2567172e+00	   2.7166716e-01	
   4.9005159e-01	  -1.5312602e+00	   4.9212757e-01	   2.2880406e+00	  -4.0074999e-01	
   4.3332612e-01	  -1.7610841e+00	  -1.7677079e-01	   5.3832097e-01	   7.8024930e-01	
   3.5276419e-01	   1.3481531e-01	  -7.5307882e-02	  -1.1330091e-01	  -1.6028544e+00	
   6.5035931e-01	   1.7580091e+00	   4.5732967e-01	   1.5894547e+00	   3.8338372e-01	
   3.1195537e-01	   2.8491281e-01	   4.0962534e-01	   4.4689111e-01	  -8.5164043e-01	
  -1.1477690e+00	   7.1286065e-01	   7.0700021e-02	   3.9501000e-01	  -4.5368021e-02	
  -1.9959977e-01	   1.8115558e+00	  -2.9934224e-01	   1.0591908e+00	   5.7715421e-01	
   3.8635310e-02	   1.7647671e-02	  -5.9390100e-01	  -2.9656193e-01	  -5.3108738e-01	
  -2.2998388e-01	  -3.1113276e-01	  -2.1894040e-01	   9.8763183e-01	  -1.9638103e+00	
   7.8297090e-01	  -1.2963789e-01	   1.1010843e+00	  -9.1105261e-02	  -1.9133872e+00	
  -2.2893138e-01	  -6.1084631e-01	   1.4768614e+00	   1.8566030e+00	   8.3712614e-02	
  -1.9009857e+00	  -2.4517651e+00	  -1.8239941e+00	   4.2522703e+00	   8.3353355e-01	
  -1.4293821e+00	   4.5953100e-01	   8.3113049e-01	  -1.1551846e+00	   1.4421649e+00	
  -2.9696237e-01	   9.8480020e-01	   3.6205355e+00	   2.4951713e+00	  -4.2036051e-01	
  -9.0480715e-01	   1.7627333e-01	  -4.9460039e-01	  -5.2616992e-01	  -9.3696840e-01	
  -2.6827163e-01	  -2.3862827e-01	  -6.3976449e-02	   3.3760252e-01	  -8.7372732e-01	
   4.8165636e-01	   3.8338836e-01	  -5.7750350e-01	  -1.0758560e+00	  -9.0023860e-01	
  -2.4381779e-02	  -7.1105531e-01	   3.4164599e-01	   2.6829959e-01	  -5.0752370e-01	
  -4.9676017e-02	  -4.4008527e-01	  -4.7132004e-02	   6.5941660e-01	  -9.8111333e-01	
  -1.0744478e+00	   7.8099268e-01	   4.8956127e-01	  -7.2872827e-01	   6.3629371e-01	
  -1.5648702e+00	   2.1438429e-01	  -1.8289123e+00	  -1.6608310e-01	   4.8866813e-01	
   1.2866960e-01	   1.0518941e-01	  -8.0324792e-01	  -9.5888299e-02	  -1.1148014e+00	
  -2.2504085e+00	  -9.1986298e-01	  -2.5800006e+00	  -1.4750046e-02	   6.0173293e-01	
  -4.3861761e-01	  -9.4556252e-02	   7.9358988e-01	  -1.5119762e-01	   2.0527499e+00	
  -1.0134900e+00	   1.4087243e+00	  -5.3639122e-01	  -3.8474751e-01	   3.6079818e-01	
  -2.1801590e-01	   2.0490578e+00	  -5.5257941e-01	   9.9016832e-01	   5.8445655e-01	
  -8.8045456e-01	   3.7426897e-01	   3.6310553e-01	   7.0961162e-01	   5.7503316e-01	
   3.6238373e-01	  -1.8317725e+00	  -4.2016126e-01	   1.0178365e+00	   5.1227756e-02	
  -1.0050009e-01	  -2.0751010e+00	  -4.5765326e-01	  -5.4390983e-01	   9.1143293e-01	
  -1.0599523e+00	   2.8998573e-01	  -5.0859395e-01	   1.1329426e+00	   4.0716441e-01	
   3.4582684e-01	   1.5914291e-02	  -6.4058109e-01	   1.2435874e-02	  -1.2077240e+00	
  -9.8149095e-01	   5.0929586e-01	   1.3578084e-01	   8.2555565e-01	   1.1596922e-01	
  -8.2211131e-01	   5.3846347e-01	   9.9183186e-01	   7.3699648e-01	  -3.8092949e-02	
  -5.7811356e-01	  -4.8388227e-02	  -4.9607909e-01	  -8.4700570e-02	  -1.1587120e+00	
   3.5260331e-02	   2.5867536e-02	  -1.5724874e-01	  -2.9722496e-01	  -7.8645539e-01	
  -1.1821108e+00	   8.0025817e-01	  -4.0148540e-01	   3.0693736e-01	   1.9088187e-01	
  -7.7125776e-01	   1.0200435e-01	   1.2843651e-01	   4.3263359e-02	   1.0018183e+00	
  -9.4643178e-01	   7.4458742e-01	   5.8370000e-01	  -4.1830861e-01	   2.3485102e-01	
  -1.8091540e+00	  -1.6711338e+00	  -3.7063676e-01	  -1.3615832e+00	   2.0975314e+00	
   2.2302118e-01	  -5.6006607e-02	  -7.1447057e-02	  -6.8302303e-01	  -8.5885094e-01	
   5.8659606e-02	   3.9079497e-01	  -1.9229001e-01	  -1.3802339e-01	  -5.1170143e-01	
  -2.0524800e-01	  -1.5199209e-01	  -5.4887482e-01	   2.5418348e-03	  -1.2509581e+00	
  -1.1358885e-01	   1.8367749e+00	  -4.5015127e-01	   7.3283672e-01	   9.6410625e-01	
   5.1515462e-01	  -1.7934535e+00	  -6.8499901e-01	   7.9751784e-01	   5.7273147e-01	
  -1.3012531e-01	   1.7260199e+00	  -9.7974284e-01	   1.7990112e+00	   4.5985822e-01	
   3.0587226e+00	   1.8573178e-01	   6.4041762e-01	   3.8373921e-01	   1.7407304e+00	
   2.2694134e-01	   1.6536223e+00	  -1.8274173e-01	   1.4449075e+00	   1.4227085e+00	
   2.9277103e+00	   1.4832686e-01	  -1.5616138e-01	   6.5306033e-01	   8.6028831e-01	
   2.8738428e+00	   2.2294576e-01	  -3.7102825e-01	   5.0832108e-01	   1.2277080e+00	
   1.3290505e-02	  -1.8525496e+00	  -6.8592440e-01	   7.7881452e-01	   6.9683913e-01	
   2.9316052e+00	   1.6205539e-01	  -1.1909432e-01	   2.2519122e-01	   1.2905478e+00	
  -1.1242337e+00	   1.9398912e-01	   1.4487115e+00	  -1.3895970e+00	   6.6717234e-01	
  -1.1530363e+00	   2.1571765e-01	   2.7793060e-01	  -1.2533673e+00	   8.0812095e-01	
  -1.5599943e+00	   7.7357464e-01	   1.2903934e+00	  -1.7587004e+00	   1.0484027e+00	
   3.8104794e-01	   4.4054727e-02	  -3.5826113e-01	  -6.7751016e-01	  -1.1064898e+00	
  -6.3048695e-02	   1.9466568e+00	  -1.8212531e-01	   1.0811188e+00	   1.0484859e+00	
  -4.9133917e-01	   1.7037718e+00	  -3.2002073e-01	   5.3942231e-01	   1.7196283e+00	
  -2.1372331e+00	  -1.6746080e+00	  -6.3348627e+00	   1.7300255e+00	   8.8485826e-01	
   2.3989441e-01	   2.7608431e-01	  -1.1604044e-01	  -3.4542254e-01	  -1.5579371e+00	
  -2.0068920e-02	   4.5632174e-01	   6.6017755e-02	  -1.1563826e+00	  -1.2065895e+00	
   2.6927916e+00	   3.4371944e-01	   4.4083016e-02	  -1.5522062e-01	   1.4586040e+00	
   4.6671277e-01	   7.1123308e-02	  -1.3501173e-01	   3.4783755e-02	  -1.3993214e+00	
   1.2166817e-01	   3.5118082e-01	  -2.1200270e-01	  -9.9126561e-01	  -1.1744918e+00	
   5.1752270e-01	   9.2026980e-03	  -2.6520422e-02	  -6.3610954e-01	  -1.2830420e+00	
  -2.0950293e+00	  -1.5586637e+00	  -5.6084050e+00	   2.8561571e-01	   1.6012334e+00	
   2.5180613e-01	  -2.7613236e-01	   3.1306596e-01	  -8.2549828e-02	  -1.1712456e+00	
   2.6815940e-01	   1.2277951e-01	  -1.6461388e-01	  -6.3202194e-01	  -9.1327814e-01	
   2.9265610e-01	   3.0083536e-02	   5.0966800e-01	  -5.8802962e-01	  -9.5243582e-01	
   4.8929113e-01	  -2.0909332e+00	   5.7201078e-01	   9.3639155e-01	   4.5740857e-01	
   1.9796551e-01	   9.1572167e-02	  -1.8081476e-01	  -4.0567848e-01	  -9.3019273e-01	
   1.7405883e-01	  -1.2920049e-02	  -5.1629128e-02	  -7.3904728e-01	  -7.7983437e-01	
   2.2107103e-01	  -4.7117884e-02	   5.5143528e-01	  -2.6747210e-01	  -1.3830232e+00	
   1.8371324e-01	  -1.7119801e+00	  -1.7319519e-01	   2.6234211e-01	   8.2214703e-01	
  -4.9433268e-02	  -2.1461710e+00	  -1.2397925e-02	  -1.0507865e+00	   1.2059593e+00	
   6.3223322e-01	  -1.5015438e-03	   4.2085809e-01	  -3.6115229e-01	  -8.4694440e-01	
   3.7499398e-01	  -1.5928527e+00	  -7.1076000e-02	   5.2241456e-01	   4.0875079e-01	
   3.0541273e-01	  -2.0486460e+00	   2.9111058e-01	   3.4880149e-01	   1.0286496e+00	
   5.6915620e-01	  -1.5228351e+00	  -5.5738136e-01	  -4.4053113e-01	   7.1282246e-01	
  -9.9778935e-01	   6.2892717e-01	   9.0251919e-01	   9.4146531e-01	   1.0606461e-01	
  -1.4367429e+00	  -1.5186836e+00	   2.1395583e+00	  -1.3363777e+00	   2.0853577e+00	
   6.3511372e-01	   3.3273281e-01	   1.1825211e+00	  -1.0873768e+00	  -1.3617265e+00	
  -3.2190962e-01	  -5.8991902e-02	  -5.9967283e-01	  -1.0938274e+00	  -7.4918592e-01	
   6.4382738e-01	  -1.5247109e+00	  -7.5412976e-01	   5.7683219e-01	   2.1416962e-01	
   3.8474201e-01	   2.0193138e-01	  -1.9907012e+00	  -1.2980080e+00	  -9.6310066e-01	
   3.5152760e-01	  -1.5470277e-01	   6.9693843e-01	  -8.7719382e-01	  -4.6914589e-01	
   1.0937891e-01	  -7.8323008e-02	  -3.7383546e-01	  -5.9057224e-01	  -9.3028726e-01	
   4.4820184e-01	  -5.7069981e-02	   3.3658943e-01	  -8.0501226e-02	  -1.3602225e+00	
   4.7728571e-01	  -2.0884633e-01	   5.8291004e-01	   2.4761492e-01	  -1.2018815e+00	
  -5.0668722e-01	  -8.1344802e-01	   6.8764132e-01	  -1.1029573e+00	   2.5655789e+00	
   1.5790529e-01	   2.3883286e+00	   2.9529040e-01	  -2.2715249e-02	   1.4527891e+00	
   5.1988943e-01	  -6.4304753e-02	  -3.5270365e-01	  -1.1709484e-01	  -8.3730300e-01	
  -1.1058151e+00	   8.6161345e-01	  -2.4766312e-01	  -4.4760503e-02	   2.3175260e-01	
   2.2131815e-01	   4.2358305e-01	  -1.7674774e-01	  -4.4488703e-01	  -9.4988464e-01	
  -5.1892597e-03	   1.9370584e+00	   4.1051646e-01	   1.0055343e+00	   6.6070126e-01	
   2.7866005e-01	  -2.5943108e-01	  -5.2845665e-02	  -6.7576269e-01	  -8.7412002e-01	
   4.1700533e-01	  -7.3148808e-03	  -1.1340857e-01	  -6.2285652e-01	  -5.4164039e-01	
   1.9778141e-01	   1.7320780e-01	  -1.6995761e-01	  -1.1127625e+00	  -1.3385357e+00	
   4.3875563e-01	   1.5649739e-01	   1.8449366e+00	  -4.6359141e-01	  -1.3244039e+00	
   1.3655249e-01	  -8.4724530e-02	   1.1341388e-01	  -2.0219710e-01	  -9.6274179e-01	
   6.1815227e-01	  -1.8712743e+00	  -1.0767816e-01	   8.0521570e-01	   5.4203568e-01	
   4.2621472e-01	  -4.2644114e-02	   8.1650788e-01	  -9.2691732e-01	  -1.0935924e+00	
   5.7516579e-01	  -1.5012405e+00	  -3.3561095e-01	   2.7945203e-01	   4.5659150e-01	
   8.6924936e-01	  -1.5732316e-01	   7.6391221e-01	  -5.6185303e-02	  -1.1312462e+00	
   2.0665776e-01	   9.2173661e-02	   5.0022267e-01	  -9.8439730e-01	  -8.8099497e-01	
   4.9665700e-01	   2.2019140e-01	  -1.3629838e-01	  -1.2800212e+00	  -8.6405092e-01	
   6.9560875e-01	   8.2801743e-02	   1.0805245e+00	  -1.2097448e+00	  -6.3397347e-01	
   8.1210012e-02	  -1.8096410e+00	  -4.5124633e-01	   6.2211802e-01	   6.0242889e-01	
   2.1329637e-01	  -1.8805692e+00	   5.4666629e-01	   4.8830175e-01	   6.5204220e-01	
   4.4019433e-02	  -1.8959528e+00	  -2.9777169e-01	   1.6117273e-02	   1.0459081e+00	
  -4.6738176e-01	   8.9053228e-01	  -2.7199387e-01	   4.8454639e-01	   7.5177862e-01	
  -6.8132231e-03	   1.8104316e+00	  -5.6244575e-01	   1.5051760e+00	   7.6863744e-01	
   8.5442586e-02	   1.7592960e+00	   3.7149870e-01	   1.2030968e+00	   1.0535662e+00	
  -7.9713697e-01	   6.5580760e-01	   1.3506678e+00	  -1.3310126e+00	   1.2937138e+00	
  -7.1746201e-01	   2.0878778e+00	   1.4521703e+00	  -1.6849982e+00	   2.2764547e+00	
  -1.1762733e+00	   6.8588904e-01	  -5.1456047e-01	   3.4828509e-01	   7.3754177e-01	
  -2.2103673e+00	  -1.4969215e+00	   6.7583559e-01	   4.1708415e+00	  -6.8855245e-01	
  -1.0391300e-01	   2.3138573e+00	  -1.2302659e+00	   6.3977297e-01	  -1.8067302e-01	
   1.0588738e-01	  -2.4863049e-01	  -2.1570495e-01	  -4.6719051e-01	  -5.5778891e-02	
  -1.0811609e+00	  -1.9797434e+00	  -5.2802378e-01	  -7.0252253e-01	   1.8646841e+00	
  -1.3741555e-01	   1.2243094e-01	  -2.1559987e-01	   3.5424520e-01	  -1.1527133e+00	
  -3.1570135e-01	   6.5560979e-02	   8.4786388e-01	   4.3001760e-01	  -8.7820650e-01	
  -1.3432530e+00	   2.1462888e-01	   1.8496412e-01	   8.4214033e-01	   4.2823550e-01	
   1.8188858e-01	  -4.3345573e-01	   5.5658949e-01	   6.0848600e-01	  -1.0015816e+00	
  -5.2935773e-02	  -3.0355512e-01	  -1.4467512e-01	   3.7994467e-01	  -9.1177986e-01	
   1.0345736e-01	  -3.1592880e-01	  -3.8502555e-01	   5.7361795e-02	  -4.9990936e-01	
   3.8183869e-01	  -1.1718648e-01	   1.7901322e-01	  -1.3200215e-01	  -3.0945837e-01	
   3.1789778e-01	   1.9257582e-01	   8.9062313e-01	   4.0692530e-01	  -1.1219753e+00	
  -5.6795005e-02	  -4.9798946e-02	  -3.2052453e-01	   2.9001548e-01	  -1.3938634e+00	
  -2.3047953e-01	  -4.3556769e-02	  -7.3774814e-01	   3.0636768e-01	  -4.4898115e-01	
  -1.7182126e-01	  -3.5839918e-01	  -7.8091058e-01	   1.9229523e-01	  -5.5191840e-01	
   7.1345746e-01	  -2.0763076e-01	  -8.9919265e-01	  -5.7968221e-01	  -9.9465724e-01	
  -8.7518029e-01	   8.8221428e-01	   5.1049378e-01	  -7.5763435e-01	   1.0275920e-01	
  -1.3586802e+00	  -1.4411606e-01	  -5.6394864e-01	   1.1949550e+00	   2.8351615e-01	
  -1.4806533e+00	   6.7007107e-01	   4.4583193e-01	   1.3852395e+00	  -7.3943410e-01	
  -9.6761066e-01	   1.8923951e-01	   9.9610218e-02	   7.3896687e-01	  -1.7720425e-02	
  -1.0447150e+00	   3.6355411e-01	   6.8479071e-01	   1.8611238e-01	   4.3866061e-01	
  -7.7105630e-01	   3.6733912e-01	  -3.0085144e-01	   4.3436549e-01	   1.3729483e-01	
  -9.3291942e-01	   1.5292264e-01	   7.0591568e-01	   2.9271336e-01	   9.3175808e-01	
   1.8459280e-01	   1.7656146e+00	  -2.0135328e-01	   1.8934412e+00	   6.9528381e-01	
   4.2490832e-01	   2.1473923e+00	  -7.3123212e-01	   1.7111856e-01	   5.6841817e-01	
  -2.5292408e-01	   1.3967086e+00	  -2.0637017e-01	  -2.2628068e-01	   1.8533615e+00	
   2.7505696e-01	  -1.6733272e+00	  -9.1353715e-02	   1.4366341e-01	   6.4805691e-01	
   3.2740755e-01	  -1.6149288e+00	  -8.2687238e-01	  -2.4679376e-01	   9.6507186e-01	
   8.6078921e-02	   1.9608944e+00	   5.4857462e-01	   1.1629648e-01	   8.7829281e-01	
   4.9183044e-01	  -1.6485829e+00	   5.2657604e-01	   7.3633869e-01	   2.9952997e-01	
   3.8752386e-01	  -1.7557293e+00	  -4.5927160e-01	   6.0493951e-01	   4.9557275e-01	
   2.8631079e-01	  -1.8586507e+00	  -4.5730261e-01	   7.5773916e-01	   4.5907239e-01	
  -1.6270589e+00	  -1.6299194e+00	  -5.8915676e-01	  -2.7891035e+00	   2.9352756e+00	
  -1.2421713e+00	   2.9436736e-01	   1.2831232e+00	  -1.1430601e+00	   6.4692293e-01	
  -1.6927033e+00	  -1.8669989e+00	  -1.2075164e-02	  -6.8808034e-01	   2.0002818e+00	
   4.9864454e-01	  -1.3770165e+00	  -5.3680522e-01	   1.7044882e-01	   1.5654207e-01	
   2.7065490e+00	   2.7274631e-01	   1.5451064e-01	  -2.7291389e-01	   1.4223161e+00	
   4.2615458e-02	   1.8437715e+00	  -8.6669184e-01	   6.9279017e-01	   1.0564127e+00	
   2.8466206e+00	   2.9254170e-01	  -6.0626519e-01	   6.5557590e-01	   1.0262646e+00	
   2.9855467e+00	  -1.7438292e-02	   3.6325329e-01	   8.8441920e-01	   1.8541453e+00	
   3.0427350e+00	   3.2389051e-01	   4.3264689e-01	  -8.3662699e-01	   1.6559249e+00	
  -1.9483169e+00	  -9.6959616e-01	  -1.0280283e+01	  -5.6714297e+00	   9.9708682e-01	
   6.7866336e-01	  -9.8152929e-02	   3.3673574e-01	  -1.4109138e-01	  -8.2531509e-01	
   2.8317846e-01	   8.7002958e-02	  -1.1123400e-01	  -3.4155825e-01	  -1.4662739e+00	
   1.2080683e-01	  -3.2366024e-01	   4.3633198e-01	  -6.1410211e-01	  -3.6329533e-01	
  -9.8433627e-02	  -3.6394262e-01	   4.9116240e-01	  -4.5397665e-01	  -5.7115722e-01	
   4.1817310e-01	   2.4711998e-01	   1.2107186e-01	   5.1459585e-01	  -1.3296891e+00	
   3.8040913e-01	  -3.2481607e-01	   2.8610977e-01	  -4.4388601e-01	  -1.2353049e+00	
   2.3935038e-01	  -1.6358359e+00	  -1.2787063e+00	   4.6918244e-02	   9.5695684e-01	
   7.3952759e-01	  -6.3795059e-03	   6.0807282e-01	  -8.0314919e-01	  -8.9663583e-01	
   7.6804898e-02	   1.0556631e-01	   3.7189714e-01	  -1.4799582e-01	  -1.3162962e+00	
  -1.6977683e-01	   4.1835674e-02	  -3.4788905e-01	  -4.0911060e-01	  -1.3150865e+00	
   4.3051429e-01	   5.0865501e-02	  -2.8303678e-01	  -4.3432967e-01	  -1.1586409e+00	
   4.2769619e-01	   8.6704840e-02	  -8.5323081e-01	  -8.3297042e-01	  -8.4328924e-01	
   1.0833740e-01	  -2.0334069e-01	  -5.4683145e-02	  -3.5950064e-01	  -1.0431088e+00	
  -8.4567538e-02	   1.8254935e+00	  -1.7462236e-01	   1.1141315e+00	   1.1949644e+00	
   4.1480096e-01	  -1.2137431e+00	  -7.1261177e-01	   6.7860487e-01	   6.1960009e-02	
   1.1998256e-01	  -4.0041102e-01	   9.6160502e-01	  -6.9722758e-01	  -1.1113846e+00	
   5.4629661e-01	  -1.5816735e+00	   2.1381436e-02	  -9.2751428e-02	   1.1139921e+00	
   4.5957904e-01	  -1.6867435e+00	  -8.9809628e-01	   9.6641397e-01	  -1.2925216e-01	
   1.8838019e-01	   2.0366868e+00	  -4.4584624e-01	   2.0346949e+00	   2.4146686e-01	
   3.9766631e-01	  -1.2402374e-01	  -8.8521927e-02	  -4.6506039e-01	  -7.1896750e-01	
   2.9265090e-01	   3.9886234e-01	   3.5885328e-02	  -5.3472861e-01	  -8.4393502e-01	
   6.6419295e-01	   3.5980545e-01	   3.7867077e-01	  -1.0068152e+00	  -8.0094766e-01	
   2.7672164e-01	  -3.7982320e-02	   3.2946294e-01	  -8.7154010e-01	  -4.2784647e-01	
   4.1655310e-01	   1.7857760e-01	  -7.7485739e-01	  -4.6342843e-03	  -1.7540124e+00	
   7.2160861e-02	   4.9299518e-03	  -2.2342438e+00	  -3.7435025e-01	  -5.2272198e-01	
   4.2523745e-01	  -1.4098532e+00	   1.6998522e-02	   5.4818116e-01	   6.2373985e-01	
   2.3975960e-01	  -1.7390170e+00	  -2.4657409e-01	  -1.0930489e-01	   6.6196759e-01	
  -1.4144239e+00	  -1.6267796e+00	   2.1788566e+00	  -2.2962361e-01	   1.7652345e+00	
   1.5327646e-02	  -4.1729788e-01	  -3.5009492e-01	  -8.4254648e-03	  -5.7190512e-01	
   2.3058483e-02	   2.1250285e-01	  -4.7085502e-01	  -5.0114235e-01	  -4.6197624e-01	
  -3.3092919e-01	   1.0956187e-01	  -8.5158510e-01	  -7.0632807e-02	  -9.4477544e-01	
   2.2298892e-02	   1.7807699e+00	  -8.3489229e-01	  -3.4960075e-01	   1.9200984e+00	
  -6.7578711e-01	   4.2294936e-01	   2.1352817e+00	  -1.1673761e+00	   2.2716573e-01	
  -1.6329396e+00	  -1.2982274e+00	   3.8458038e+00	  -1.7268364e-01	   1.4917670e+00	
  -4.2476488e-01	  -6.1182164e-01	  -5.1397179e-02	  -6.1384903e-01	  -2.4027378e-01	
  -1.1733952e+00	   5.2136499e-01	  -4.0183466e-02	   7.9748730e-01	   3.2141796e-01	
  -1.2876494e+00	   1.4300591e+00	   1.1503108e-01	  -2.1210608e-01	  -4.9047666e-01	
   6.9398832e-01	   9.0590335e-02	  -1.0336451e+00	  -2.7016829e-01	  -8.3397423e-01	
   2.2474170e-01	  -8.0822386e-02	  -3.8629895e-02	  -1.6007562e-01	  -3.5170615e-01	
   3.2155319e-01	   2.2260181e+00	  -8.4349943e-01	   4.7463232e-01	   8.9294674e-01	
  -2.3042948e-01	  -5.6907081e-01	  -2.4228183e-01	   3.6464204e-01	  -6.3431172e-01	
  -1.1040668e+00	   1.7268885e-01	   4.2724980e-01	   5.3936915e-01	   2.2798193e-01	
  -3.0534062e-01	   1.5724137e+00	  -6.3023013e-01	   6.7482852e-01	   9.7868412e-01	
  -9.8488877e-01	   8.6313063e-01	  -2.9045405e-01	   1.2924513e-01	   1.0699870e-01	
  -8.9685333e-01	   4.4906256e-01	   1.4667403e+00	   2.1322226e-01	   6.6093535e-01	
  -8.2695451e-02	   1.7007642e+00	  -4.2760844e-01	   1.1818130e+00	   6.1258973e-01	
  -1.6380131e+00	  -1.8265510e+00	  -5.5106710e-01	  -7.8543687e-01	   1.3971275e+00	
  -8.6676237e-01	   7.3404644e-01	   2.4536708e-01	  -2.3231044e-01	   4.5498345e-01	
  -1.6902738e-01	  -3.2058381e-02	   2.1487333e-01	  -3.7265454e-01	  -4.7005823e-01	
  -2.6907693e-01	  -8.2068315e-02	  -2.6030276e-01	  -1.6311385e-01	  -4.3435206e-01	
  -2.6863884e-01	  -3.2482927e-01	   6.3373777e-02	  -3.1893314e-02	  -5.6587950e-01	
  -7.9734503e-01	   4.6003994e-01	   4.4471149e-01	   5.3555171e-01	   2.8858294e-01	
  -5.3691740e-01	   5.2783669e-01	   4.9648023e-01	   4.0007334e-01	   8.2440195e-01	
   3.5364096e-01	  -1.4102400e+00	  -1.5621161e-01	  -1.8422999e-01	   2.3516218e-01	
   5.4283780e-02	  -2.2531967e+00	   1.3536527e-01	  -8.8150940e-01	   1.1015329e+00	
  -4.2914323e-02	  -2.9743839e-01	  -1.0151464e+00	  -8.5046031e-01	  -2.7140165e-01	
   2.9189971e-01	  -1.5162346e-01	  -5.7825597e-01	  -4.2714483e-01	  -5.6094349e-01	
   2.2081404e-02	   1.6606847e+00	  -2.0832020e-01	   1.3280842e+00	   8.6060855e-01	
  -2.4687963e-01	   1.4736633e+00	  -3.8188274e-01	   7.9213199e-01	   1.2182050e+00	
   2.1227939e-01	  -1.3164849e+00	  -1.6501073e-01	  -8.3066061e-02	   4.1547406e-01	
  -1.2576347e+00	   4.1286329e-01	   8.5627366e-01	  -1.5393341e+00	   9.7241392e-01	
   3.0576734e+00	   5.2556519e-02	  -1.0359860e-01	   4.8858384e-01	   1.7077312e+00	
   2.8351687e+00	   1.7259018e-01	   1.7692156e-01	   3.3486096e-02	   1.7965673e+00	
   2.9197716e+00	   5.3590163e-03	  -8.1147576e-02	  -1.0924419e-01	   2.1589423e+00	
   2.7494352e-01	   1.8250301e+00	  -4.9920025e-01	   8.8070938e-01	   1.1271426e+00	
  -1.0836767e-01	   2.2310623e+00	  -3.8445756e-01	   1.4929458e+00	   2.0774095e-01	
   3.7341695e-01	  -1.3808286e-01	   9.3704330e-01	  -6.3340996e-01	  -1.0344497e+00	
   2.5521295e-01	  -2.3135853e-01	   2.8260616e-01	  -5.7788055e-01	  -7.7021620e-01	
   2.8182961e+00	  -1.5351161e-01	   5.2714063e-01	  -3.0269665e-01	   2.2458786e+00	
   5.3609449e-01	  -1.8028524e+00	  -2.1660196e-01	  -1.0504883e+00	   1.2217897e+00	
  -7.7005254e-01	   4.7113463e-02	   3.8861679e-01	  -1.7815262e+00	   1.1324474e+00	
   4.4561291e-01	   3.0497294e-01	   1.0898455e-01	  -1.1751253e+00	  -5.6711322e-01	
  -6.8538486e-01	  -2.7603813e-01	   3.5172520e-01	  -1.8284619e+00	   2.2055765e+00	
   3.7132074e-01	  -1.7783946e+00	  -5.3264108e-01	   8.1969081e-01	   8.1032341e-02	
  -8.5416662e-01	   4.6639329e-01	   3.9012748e-01	   6.2344324e-01	  -2.5693631e-01	
  -2.1224820e-01	   1.4746439e+00	  -7.2663061e-01	   7.9021968e-01	   8.2787084e-01	
   5.6049410e-01	   1.5536315e-01	   2.6114225e-02	  -3.4546385e-01	  -1.3172167e+00	
   2.8458432e+00	   3.7719426e-01	   1.9567278e-02	  -7.4623668e-01	   1.9999135e+00	
   2.4096852e-01	   6.3285821e-01	  -8.7491847e-01	  -9.4026361e-01	  -1.6253831e+00	
   3.3030633e-01	  -1.9203300e-01	   1.7147483e-01	  -1.2719488e+00	  -5.9403107e-01	
   5.2947295e-01	  -5.5121234e-02	   1.9606629e+00	   7.6248953e-01	  -1.5359578e+00	
   1.7723291e-01	   1.0068111e-01	  -5.6870656e-01	  -1.2815168e-01	  -1.4299371e+00	
   1.1272754e-01	   9.6939191e-02	   2.8445063e-01	  -1.3863166e+00	  -7.2644551e-01	
   8.5652695e-02	  -1.5558526e+00	  -3.4730647e-01	   9.9638473e-02	   6.4618330e-01	
   3.1149463e-01	  -2.3916592e-01	   9.3764118e-01	   5.1691685e-01	  -1.1361320e+00	
   3.8114804e-01	   3.6011639e-02	   4.1366805e-01	  -1.1381434e+00	  -4.9798949e-01	
  -1.1636527e+00	   7.2151342e-01	   8.5882209e-01	   1.8812451e-01	   2.7896766e-03	
   2.4974907e-01	  -1.9674859e+00	  -1.7052598e-01	   5.5027809e-01	   6.4026428e-01	
   5.4663627e-01	  -2.4111493e-01	   6.0508847e-02	  -4.5676800e-01	  -8.2959623e-01	
   4.1832693e-01	   2.8321758e-01	   2.1696928e-01	  -3.5179133e-01	  -1.3242016e+00	
   5.2529738e-01	   5.7391681e-02	   8.4228831e-01	  -3.1919930e-01	  -8.9668153e-01	
   4.5348612e-01	   3.0307607e-01	   1.3676788e-01	   4.9565866e-03	  -1.1218318e+00	
   4.9291320e-01	  -1.7653158e+00	  -1.0273060e+00	   4.0212549e-01	   7.8335814e-01	
   1.1710796e-01	   2.3033268e-01	  -3.1824890e-01	  -1.8311606e+00	  -9.4170544e-01	
   4.1494178e-01	  -1.2600307e+00	  -4.0116558e-01	  -5.6073301e-03	   4.2648612e-04	
   1.3775769e-01	   9.2651162e-02	   4.2849556e-01	  -4.8168484e-01	  -1.3896761e+00	
   1.9954770e-01	  -9.7578215e-02	  -4.3031992e-02	   2.0389495e-01	  -1.5464520e+00	
   2.2412615e-01	  -3.4201622e-01	  -6.4315397e-01	  -4.5671082e-01	  -9.4359947e-01	
   7.1360181e-01	   2.1339902e-01	   1.6165316e-01	  -9.9322380e-01	  -1.3757484e+00	
   1.6179714e-01	   1.5979582e-01	   9.2468371e-01	  -8.6975065e-01	  -9.9037775e-01	
  -1.9005761e+00	  -2.2650675e+00	   2.0783312e+00	   3.7666495e+00	  -4.2632588e-01	
   6.6872022e-01	  -1.6982546e-01	  -4.0166885e-01	  -5.4495553e-01	  -1.4640970e+00	
  -2.7728415e-01	   1.6637159e+00	   4.5119121e-01	   1.0230849e+00	   6.2713028e-01	
   2.0000630e-01	   2.0069003e+00	   7.5045886e-01	   2.2391328e+00	  -7.6304902e-02	
  -1.5730052e-01	   1.4747080e+00	  -1.1580442e+00	   9.8963966e-01	   1.5601994e+00	
   4.3821807e-02	  -9.7807386e-03	  -2.7222389e-01	   4.3381963e-01	  -7.9104694e-01	
  -2.0296174e-01	   1.7086769e+00	  -5.0842000e-01	   1.7475635e+00	   5.1618478e-01	
  -6.3146797e-01	   3.9253084e-01	   1.2900874e+00	   1.0116412e+00	   5.8401018e-01	
   1.8094319e-01	  -1.6488703e+00	  -8.3080309e-02	  -1.1379130e-01	   9.2277457e-01	
  -1.1588299e-01	   2.1023314e+00	  -5.6258690e-01	   8.2035708e-01	   1.1587909e-01	
  -1.2448221e+00	   6.1831456e-01	   1.4986487e-01	  -8.5343992e-01	   3.8855437e-01	
   1.9084278e-01	  -7.4005389e-01	   4.7706111e+00	   4.9365246e-01	  -6.4893453e-01	
  -6.7291335e-01	  -3.2652969e-01	   4.8826863e-02	  -1.0162186e-01	  -8.5758127e-01	
  -8.6706344e-02	   3.9274947e-02	  -7.0919897e-01	   1.1875026e-01	  -1.2945106e+00	
  -1.5652648e+00	   4.3340874e-01	  -4.7518767e-01	  -1.5151027e-01	   3.4208322e-01	
   3.5438951e-01	   1.5648885e+00	  -3.3597529e-01	   1.3924628e+00	   7.2285634e-01	
   1.6719943e-01	   1.0196911e-01	  -4.4667042e-02	   1.0592311e-01	  -1.3732400e+00	
  -3.0207225e-01	   1.9932038e-01	   5.2674955e-01	  -5.0400972e-01	  -5.2538761e-01	
  -2.7286405e-01	  -4.2094263e-01	   7.1680345e-01	  -1.5070710e-02	  -4.4427895e-01	
   6.4431757e-02	  -4.5739707e-01	   6.9687798e-01	   1.8436373e-01	  -1.7275043e-01	
   1.5424343e-01	  -3.1774919e-01	  -3.3775243e-01	   2.1883569e-01	  -9.4858710e-01	
   1.6319553e-01	  -5.9666336e-01	  -3.7461283e-01	   1.1991972e+00	  -8.2351291e-01	
   2.0304644e-01	  -2.0317149e+00	  -6.0588803e-01	  -3.1444188e-03	   2.8172315e-01	
   6.6795459e-01	  -3.9950032e-01	  -2.8504739e-01	   4.8257434e-01	  -8.1562154e-01	
  -8.2415042e-01	   1.5621589e-01	   1.8960398e-01	   1.0483361e+00	   3.8951380e-01	
  -1.0608451e+00	   9.6286138e-01	   2.7231010e-01	  -6.2555689e-01	   5.5382018e-01	
  -5.2221569e-02	   1.9369731e+00	  -1.0964307e+00	   8.8296522e-01	   1.0113849e+00	
  -9.6694112e-01	   1.0354408e-01	   5.8990255e-01	   1.3354111e+00	  -8.0405445e-03	
  -6.8677371e-01	   4.3516173e-01	  -8.5525681e-02	  -9.5414801e-01	   9.8545726e-01	
  -1.3012452e+00	   5.7273003e-01	   2.4873164e-03	   5.8511761e-02	   4.7411811e-01	
  -9.0535356e-01	   4.3033260e-01	  -5.3299789e-01	   1.6975820e-01	   7.5768644e-02	
   1.4796641e-01	   1.6768991e+00	  -2.0455544e-01	   1.9571003e-01	   9.9688917e-01	
  -1.6734880e+00	   6.1970083e-01	  -6.0330346e+00	  -2.8879419e-01	   4.0527405e-01	
   5.2694165e-01	  -3.1429394e-01	   3.3118311e-03	   9.0909571e-03	  -9.6590800e-01	
  -8.6581081e-01	   2.1885096e-01	  -1.3582819e-01	   2.3967618e-01	   1.6190136e-01	
   5.5662037e-01	  -4.0408202e-01	  -1.9282308e+00	   2.6092880e+00	  -1.8170130e+00	
  -1.0949617e+00	   2.4098076e-01	  -3.0576300e-01	   4.3178585e-01	   4.6730359e-01	
  -7.7004094e-01	  -9.1380829e-02	   1.3696670e+00	  -7.5084545e-01	   1.1301053e+00	
   2.5376834e+00	  -4.9730308e-01	   2.7839841e+00	  -1.4494844e-01	   3.3751409e+00	
  -1.1012426e-01	   1.8310907e+00	  -2.9616413e-01	   8.9336183e-01	   5.6329655e-01	
   3.9760865e-01	  -1.6806593e+00	  -8.6258772e-01	   4.6381248e-01	   4.8461561e-01	
   3.6602696e-01	  -1.9903641e-01	  -2.5681902e-02	  -1.5118678e-01	  -1.5180740e+00	
  -1.1103166e+00	   6.5867555e-01	   2.6611333e-01	  -1.6044816e-01	   5.3895452e-01	
  -1.3013104e+00	   3.2644098e-01	   1.3005777e-01	   4.7428396e-01	  -5.1533933e-03	
   2.5429199e-01	  -1.5907263e+00	  -1.0062264e-01	   5.8277403e-01	   1.3332086e-03	
   6.7930661e-01	  -1.4558759e-01	   5.9660973e-01	  -6.2321621e-01	  -7.7136444e-01	
   3.2681418e-01	   4.1166503e-02	  -2.0968777e-02	  -4.9245693e-03	  -1.7001118e+00	
   1.1051211e-01	   1.1577594e-01	  -2.1196460e-01	  -5.5080937e-01	  -7.7967840e-01	
   1.3593394e-01	   2.1901182e-01	  -9.3807375e-01	  -1.1659998e+00	  -1.1167218e+00	
   2.3853417e-03	  -2.2896826e-01	   4.5810336e-01	  -1.3592911e-01	  -3.7273181e-01	
  -8.7960265e-01	   6.1644218e-01	   3.5719168e-01	  -4.1698150e-01	  -2.3366137e-02	
   7.7795491e-01	  -2.5853506e-01	  -4.6595463e-01	  -8.1451868e-02	  -1.1044807e+00	
   4.2140013e-01	  -6.2957896e-03	   2.2942529e-01	  -4.4963896e-01	  -1.4657910e+00	
  -7.0430816e-03	  -4.9131816e-02	   4.2080994e-01	  -1.4842990e-01	  -1.4153953e+00	
   7.1681399e-01	   3.6944515e-01	  -4.3137327e-01	  -1.2512705e+00	  -1.3385386e+00	
   6.5338170e-01	   5.3550486e-02	   7.6995023e-01	  -7.4254024e-01	  -8.4031164e-01	
   3.0138113e+00	   4.4183849e-01	   2.8217682e-01	  -3.4127566e-01	   1.5699281e+00	
   3.9150561e-01	  -2.7597007e-01	   2.1205272e-01	  -3.3067834e-01	  -1.0968957e+00	
  -3.9826362e-02	  -1.9501853e-01	  -1.7144501e-01	  -6.8086458e-01	  -1.2084213e+00	
   2.4948030e-01	  -1.3987100e+00	  -2.2232132e-01	   8.4701222e-01	  -2.9292562e-01	
   5.1101266e-01	  -3.5863913e-01	  -1.0036031e+00	   1.2715509e+00	  -1.5702743e+00	
   3.1980831e-01	  -1.3416377e+00	   1.4625336e-01	   8.3375073e-01	   6.9622922e-01	
   2.5645186e+00	  -2.7864020e-01	   1.2439389e-01	   3.8475261e-01	   1.6037897e+00	
   4.2851497e-01	  -1.5658108e+00	  -4.5051699e-01	  -3.4295837e-01	   1.0498634e+00	
   5.1214802e-01	  -1.6769541e+00	   1.3510840e-01	   2.8442643e-01	   1.0498391e+00	
   4.3238122e-01	   1.7403569e-01	   6.2080338e-01	  -1.3386821e+00	  -8.6736534e-01	
  -2.2922662e+00	  -1.3381126e+00	  -2.1210027e+00	  -4.9565229e+00	   2.7212655e+00	
   6.6971188e-02	  -1.3841333e-01	  -1.3777898e-01	  -2.7899408e-01	  -1.4922539e+00	
   1.7727113e-01	  -1.0014413e-01	   5.5483300e-01	  -1.1757762e+00	  -5.6269388e-01	
   6.0202461e-01	  -1.1753156e-01	   2.7604652e-01	  -1.2998643e+00	  -4.4171526e-01	
   9.5871319e-01	   3.9551114e-01	   1.9589842e-01	  -1.0595167e+00	  -8.9189626e-01	
  -9.9850387e-02	   2.1157453e+00	  -5.5987321e-01	   1.5506511e+00	   5.6293122e-01	
   1.5063494e-01	   3.2185274e-02	  -2.1170022e-01	  -7.0447966e-01	  -1.4423663e+00	
   2.3038571e-01	  -1.8557782e-01	  -1.7870350e-01	  -9.9324230e-01	  -1.8761783e-01	
   8.0023705e-01	  -1.4646356e-01	  -2.5498283e-02	   2.8850254e-01	  -1.3349986e+00	
   6.9281571e-01	  -1.9280067e+00	  -7.2480674e-01	   1.0938922e+00	   5.8435220e-01	
   1.4833628e-01	  -1.6922026e+00	  -8.9597494e-01	   1.3011958e+00	  -4.1470839e-01	
  -4.2483202e-02	  -1.9205989e+00	   7.9911984e-01	   4.4823726e-01	   8.0653575e-01	
  -1.0309788e+00	   4.6280625e-01	   7.9734154e-01	   4.0505643e-01	   3.1525227e-01	
  -9.2578888e-01	   4.6602298e-01	  -5.9103695e-01	   1.1318767e+00	  -3.6648186e-01	
  -8.0114752e-01	   6.6903785e-01	   2.5873872e-01	  -7.4689697e-01	   4.2455307e-01	
  -3.5202345e-01	   8.3545641e-02	  -8.2038464e-01	   2.7993383e-01	  -1.1852496e+00	
  -5.0690301e-02	   1.8206289e+00	  -1.6986258e-01	   7.1351439e-01	   9.2393294e-01	
  -1.3400785e+00	   5.5565830e-01	   9.1062885e-01	  -3.0294193e-01	   1.5297354e-01	
  -9.8715325e-01	  -3.6335103e-02	  -1.0853233e-02	   1.2393542e+00	   7.0563339e-01	
  -1.3900118e+00	   6.3340457e-02	   4.2945654e-01	  -3.3871981e-03	   8.0188168e-01	
   4.3987432e-01	  -2.4465021e-01	  -7.6077561e-01	   5.9121424e-01	  -1.2517935e+00	
  -4.7499858e-01	   4.0386588e-02	  -1.6315562e-01	   5.3028858e-02	  -1.0996492e+00	
  -4.9743330e-01	  -5.4634285e-02	  -5.1388161e-01	  -4.2396023e-02	  -9.6682085e-01	
   3.5122285e-01	  -1.9860388e+00	  -8.0023565e-02	   1.2207972e+00	   5.8284652e-01	
  -1.5136523e-01	   2.8437211e-01	  -2.9538131e-01	   6.4820701e-01	  -7.1088220e-01	
  -7.6125705e-01	   8.0152680e-01	   1.7808994e-01	  -6.3316396e-01	   5.4362841e-01	
  -3.6422537e-01	  -2.2089638e-01	  -3.9438466e-01	   1.0222342e+00	  -1.1340898e+00	
   3.1043196e-01	   2.5758620e-01	   4.0315706e-01	   1.2006239e-01	  -7.2871802e-01	
  -1.6177970e-01	   1.1031021e+00	   2.4041155e-01	  -3.3798805e-01	   3.9157545e-01	
  -2.0870775e-01	  -2.2702389e-01	   5.6093498e-02	   8.6699329e-01	  -4.3728015e-01	
  -5.9854431e-02	  -1.7742558e-01	  -4.6566551e-01	   8.6453613e-02	  -1.0605457e+00	
  -9.0844764e-01	   5.6608528e-01	   3.1438372e-01	   1.2522036e-01	   2.4552403e-01	
   5.3987445e-01	  -1.2282995e+00	  -4.6987771e-01	   5.2922939e-01	  -2.6616474e-02	
   4.7664488e-01	  -1.6803936e+00	   1.2414427e-02	   4.5795613e-01	   4.3901381e-02	
  -1.2336154e+00	   5.7841746e-01	   1.0122905e-01	   8.0876068e-01	  -3.4160649e-02	
   2.8899232e+00	  -2.3666787e-01	   3.9031847e-01	   3.5961780e-01	   1.9216814e+00	
   1.1884236e-01	  -1.7680567e+00	   2.0924350e-01	  -1.2338765e-01	   1.5273635e-01	
   5.6496134e-01	  -1.8968378e+00	   3.3957947e-01	   3.5849093e-01	   6.3878335e-01	
  -3.9573906e-01	   1.5162363e+00	  -1.8412850e-01	   1.1581823e+00	   8.1475450e-01	
   2.5052104e+00	  -1.6002590e-01	   1.0035840e-01	   1.8138249e-01	   1.7776145e+00	
   3.4626102e-01	  -1.6334502e+00	   6.6162354e-03	   1.4969871e-01	   2.2236379e-01	
   2.5462889e-01	   1.7953387e+00	  -6.2538790e-01	   1.7221814e+00	   3.7015159e-01	
  -1.4160418e-01	   1.4221445e+00	  -4.0578028e-01	   9.8405733e-01	   6.1009044e-01	
   9.2149585e-01	  -1.1833868e-01	  -2.2418284e-02	  -2.0227742e-01	  -7.6472997e-01	
   3.7534352e-01	  -1.5133576e+00	   2.9177023e-01	   5.0325029e-02	   7.2798367e-01	
   6.9842497e-01	  -4.6378291e-02	  -2.5643001e-01	   7.9641983e-02	  -1.2356568e+00	
  -1.8899841e-02	   8.4175529e-02	  -1.5091810e-01	   5.7266263e-02	  -1.3048635e+00	
   2.6678360e-01	  -3.3474611e-01	   9.1388835e-01	  -7.2177753e-02	  -8.2602795e-01	
   1.1619587e-01	  -6.7181231e-03	   1.6845219e-02	  -4.9193404e-01	  -1.0787698e+00	
   2.1011608e-01	   1.3453689e-02	  -3.5369529e-01	  -4.8931584e-01	  -1.0077573e+00	
   3.7910165e-01	   1.3440310e-01	  -2.9229649e-01	  -5.7848683e-01	  -7.7210176e-01	
   1.0632657e+00	   5.0559336e-01	   6.5784031e-01	  -9.4533700e-01	  -7.4525612e-01	
   1.1059471e-01	   7.9974636e-03	  -4.5400920e-01	  -1.4042989e+00	  -5.0543820e-01	
   5.1979442e-01	  -2.2917557e-01	  -4.9073876e-01	  -3.6075258e-01	  -1.2719570e+00	
   1.3753424e-01	  -1.3328492e-01	   5.6098664e-01	  -4.0257781e-01	  -1.0775644e+00	
   4.6485868e-01	  -1.8798475e-01	   3.2259060e-02	  -9.3169677e-01	  -7.0041008e-01	
   6.4795024e-01	  -1.2952045e-01	   5.2012616e-01	  -1.1910449e+00	  -2.7207564e-01	
  -2.2644591e-02	  -2.2460845e-01	   2.0324910e-01	  -5.8802268e-01	  -7.9206776e-01	
   5.1519204e-02	   2.1575253e-01	  -1.6358483e-01	  -1.1178670e+00	  -6.2038362e-01	
   7.7756954e-01	  -5.2457161e-01	   8.3748216e-01	  -9.0751818e-01	  -1.1305740e-01	
   3.7419695e-01	  -1.5996175e-01	   1.1427708e+00	  -6.5172223e-01	  -3.4566891e-01	
   1.2474582e-01	  -2.6913652e-01	  -6.2606298e-01	  -1.8707947e-01	  -1.3805679e+00	
   2.4949202e-01	  -4.1635580e-01	   8.5889472e-01	  -2.6437816e-01	  -8.6984067e-01	
  -7.3484983e-01	   6.2479959e-01	   8.1960211e-01	  -1.8681094e+00	   1.0043255e+00	
  -6.5330927e-02	   2.0729295e+00	  -4.4223105e-01	   6.3003318e-01	   1.3561392e+00	
   7.3109861e-01	   1.5205260e-01	   1.7316867e-01	  -8.5013169e-01	  -8.5547002e-01	
  -6.3856648e-03	   3.8285035e-01	   7.4824313e-02	  -1.3426232e+00	  -8.1604417e-01	
   2.5549497e-01	  -1.6417754e-01	   2.2373016e-01	  -2.7312176e-01	  -8.0319952e-01	
   3.6896472e-01	  -1.0369138e-01	  -9.7604845e-01	  -9.3940061e-01	  -1.1028723e-01	
   1.5832329e-01	  -9.8486137e-02	   6.1103393e-01	   1.6583513e-01	  -1.7132353e+00	
   5.5626364e-02	  -7.8174594e-02	  -5.3486858e-01	   1.1333586e-01	  -7.8536023e-01	
  -1.0167810e-01	  -2.4284881e-02	  -4.3687706e-01	  -6.4297813e-01	  -4.0370055e-01	
  -1.0106060e+00	   3.0355935e-01	   1.0194151e-01	   7.7999979e-01	   4.1515906e-01	
   2.5525870e+00	  -1.0889119e-01	   1.6557902e+00	   1.3842402e-01	   1.2288399e+00	
   2.7830812e+00	   1.4514630e-02	  -2.0965453e-02	   8.7986821e-01	   1.1931812e+00	
   2.9296788e+00	   6.8287355e-04	  -7.0404420e-02	   1.0367609e+00	   1.1914616e+00	
  -7.9688098e-01	   4.8234095e-01	   1.0992924e+00	  -1.5162984e+00	   1.3093948e+00	
  -1.0956564e+00	   7.5347319e-01	   4.8111356e-01	  -6.3522096e-01	   4.1494712e-01	
  -9.4685873e-03	  -1.7305522e+00	  -1.5519141e-01	   1.4553353e-02	   6.7749703e-01	
  -8.4459752e-02	  -1.7554119e+00	  -1.3217744e+00	   2.1132720e-02	   3.8752130e-01	
  -2.2202395e-02	  -2.6021815e+00	   7.3657024e-01	   1.9324111e+00	   5.2205454e-01	
   6.0770391e-01	  -2.7714750e-02	   3.6015094e-01	  -6.6664998e-01	  -7.3569432e-01	
   2.2191803e-01	  -1.5259154e+00	  -2.4413648e-01	   1.6200265e-01	   5.6301829e-01	
   6.4488851e-01	  -3.5543257e-01	   9.8077885e-01	  -2.2887284e-01	  -7.4151378e-01	
   5.4817053e-02	  -2.4449202e-01	  -6.4371803e-02	  -4.9304168e-01	  -9.3929353e-01	
  -1.4247551e-01	  -2.9417478e-01	  -2.7104260e-01	   7.7056591e-01	  -1.0784516e+00	
   5.2185692e-01	  -1.6846601e+00	   5.4589811e-01	   1.1765094e+00	   8.9393649e-02	
   4.1243520e-01	  -1.4977138e+00	   6.2563778e-02	   1.6230044e-01	   5.0913866e-01	
   6.5901324e-01	  -3.1441745e-01	   2.5526375e-02	  -4.8714406e-01	  -1.1951027e+00	
   2.6882960e+00	   1.9553780e-01	   9.8186847e-02	  -1.3353357e-01	   1.2716917e+00	
   5.8999265e-01	   1.9484588e-01	  -5.0164035e-01	  -3.5054129e-01	  -1.2675096e+00	
   2.8615778e+00	   3.0777706e-01	  -2.1972338e-01	  -1.0683938e-01	   1.4200560e+00	
  -2.5223892e-01	   1.8174189e-01	  -8.2568742e-01	  -5.4164912e-01	  -1.4150529e+00	
   4.4715983e-01	  -1.6085731e-01	   1.7347640e-02	  -3.0102494e-01	  -4.5716768e-01	
   3.0712024e+00	   3.0164946e-01	   8.8090439e-01	  -3.9971752e-01	   1.7470589e+00	
   4.7991614e-01	   1.1422782e-01	  -3.9829405e-02	  -7.6619155e-01	  -7.8330895e-01	
   3.1952013e+00	   2.4009689e-01	   1.0753119e-01	   3.1076367e-01	   1.1787662e+00	
   3.9160873e-01	  -1.6649636e-01	   1.5468528e-01	  -4.4027654e-01	  -6.6428604e-01	
  -9.8953335e-01	  -1.2522514e+00	   2.7792096e+00	  -7.6113767e-01	   1.7290931e+00	
   4.7236383e-02	   2.7922755e-01	   1.9014382e-01	   8.1780628e-02	  -1.0627136e+00	
   2.8965977e+00	   6.5844609e-02	   7.6833039e-02	   8.9267430e-01	   1.4614946e+00	
  -1.0095656e+00	   8.7858123e-01	   3.9433534e-01	  -2.5369633e-01	   4.0700769e-01	
   3.8697591e-01	  -1.5670117e+00	  -3.2956088e-01	   3.3910789e-01	  -1.9362584e-02	
  -8.8157409e-01	   8.8688852e-02	   3.9924286e-01	   6.2775166e-01	   3.6630076e-01	
   2.0964528e-01	   1.6870825e+00	  -1.3634889e-01	   9.6503147e-02	   1.6484829e+00	
  -1.0368868e-01	   1.3855677e+00	  -2.6564714e-01	   5.6786080e-01	   8.1623479e-01	
  -3.7506348e-01	   2.0894401e+00	   3.4122516e-01	   6.3701687e-01	   2.9865435e-01	
  -1.3621491e+00	   6.0618074e-01	   9.3565507e-01	  -1.5599218e+00	   1.1542820e+00	
   6.5945019e-01	  -1.3552232e+00	  -2.8441947e-01	  -1.2335307e-01	   2.3062289e-01	
  -9.7187172e-01	  -1.5603625e-01	   1.1496751e+00	  -1.0547147e+00	   9.5479568e-01	
   7.1152416e-01	  -1.3006834e+00	  -3.2884580e-01	   2.7018757e-01	   4.6528900e-01	
   3.3367672e-01	  -1.6226158e+00	   7.5314141e-02	   6.5823849e-01	   4.3946054e-01	
  -1.3644171e+00	  -2.1132455e+00	   5.6725185e-01	  -1.1421006e+00	   2.7185374e+00	
   2.5938550e-01	   8.4706788e-02	   5.2449655e-01	  -2.6095280e-01	  -1.4138983e+00	
   5.9364658e-01	  -9.9769831e-02	  -3.6940051e-02	  -1.7094568e+00	  -5.0518515e-01	
   1.7431690e-01	   2.9926135e-01	  -2.1170549e-02	  -5.3835709e-01	  -7.0625326e-01	
   5.7444396e-01	  -4.0334719e-02	  -1.7384513e-01	  -4.4441599e-01	  -6.5228431e-01	
   3.4821898e-01	  -2.3517859e-01	   7.8180292e-01	   2.3666181e-01	  -1.2180430e+00	
   3.7871770e-01	  -3.7167641e-01	   4.9001049e-01	  -1.0283793e+00	  -7.0293163e-01	
   7.0731127e-01	   1.5574299e-01	   4.2556129e-01	  -6.8953775e-01	  -1.1254645e+00	
  -3.1038450e-02	   3.1708550e-02	   2.0953607e-01	   1.1354131e-01	  -1.4423382e+00	
   5.1412573e-01	   5.3030947e-02	   3.4462023e-01	  -2.5443764e-01	  -1.1101654e+00	
   2.4998933e-02	   1.6839192e-01	   2.6461872e-01	  -5.3004532e-01	  -1.7771548e+00	
   4.7957409e-01	   5.0566796e-01	  -3.0504056e-01	  -8.0774123e-01	  -1.0043141e+00	
   2.3277214e-01	  -2.2552866e-01	  -3.6968825e-01	  -7.4007600e-01	  -8.6299273e-01	
   8.1812953e-02	   2.6075896e+00	   1.2753348e-01	   8.1773957e-01	   1.0218603e+00	
   5.7199499e-01	  -8.8050636e-02	  -4.2193369e-01	  -9.9564654e-02	  -1.0839455e+00	
   2.1504573e-01	  -1.1002134e-01	  -2.2484170e-01	  -4.3055085e-01	  -9.5434019e-01	
   7.1421128e-01	   1.7861424e-01	   5.5476860e-01	  -6.4174845e-01	  -8.1664404e-01	
   4.6155974e-01	   3.5919915e-02	   1.2883375e-01	  -4.2456492e-01	  -1.1017310e+00	
  -1.5180598e+00	   2.7540053e-01	   1.0236313e+00	  -2.5452000e-01	   9.5423285e-01	
   1.0191121e-01	  -3.1391282e-01	  -4.0485345e-01	  -3.1608777e-01	   6.9989737e-02	
  -2.8329120e-01	  -1.8599260e-01	  -1.1886977e+00	   4.7831881e-02	  -7.6108375e-01	
  -2.7573729e-01	  -2.2805499e-01	  -1.1583324e+00	  -4.7906483e-01	  -2.0652996e-01	
  -5.0139678e-02	  -2.0910837e-01	  -2.8596997e-02	   6.9670511e-01	  -7.6139126e-01	
  -1.1600448e+00	   3.0777751e-01	  -5.3295558e-01	  -3.8959107e-01	   1.0896783e+00	
   3.3383726e-01	  -7.8921688e-02	   5.1799425e-01	  -8.6289317e-01	  -2.9084634e-01	
  -1.1556605e+00	   3.9611977e-01	  -1.8594703e-01	  -3.6804699e-02	   3.6089175e-01	
  -8.2651006e-01	   5.0509846e-01	   2.1956445e-02	  -7.4121367e-02	   5.1649721e-01	
  -8.3565240e-01	   4.4680599e-01	   5.7522325e-01	   6.1287026e-01	  -1.0705751e-01	
  -2.1201172e-01	   1.5540305e+00	  -3.1316854e-01	   1.1135103e+00	   8.6276902e-01	
  -4.5327874e-03	  -4.9736231e-01	   2.5789033e-01	  -7.4050180e-01	   4.5950515e-02	
  -6.5865445e-01	   4.1158552e-01	  -2.2056368e-02	   1.3211484e+00	   3.8732369e-01	
   8.2357040e-01	  -1.5824141e+00	   5.0162447e-01	  -2.7904514e-01	   6.0938551e-01	
  -2.2088053e+00	  -1.9915056e+00	  -5.2829721e+00	  -3.5637567e-02	   1.6939676e+00	
   4.6674572e-02	   2.2381833e-01	  -6.9331733e-01	   2.9773863e-01	  -1.2809712e+00	
  -1.0530849e+00	   1.9001269e-01	  -2.4304655e-01	   5.3097826e-01	   9.3498241e-02	
  -9.7474375e-01	   8.5424682e-02	  -7.8929443e-01	   9.7821893e-02	   8.2957684e-01	
  -4.4995454e-02	   1.6740416e+00	  -2.1470856e-01	   1.1171530e+00	   6.5634333e-01	
  -1.1240507e+00	   2.9909349e-01	   4.5060511e-01	   1.2501432e+00	  -4.6011918e-02	
  -2.7985302e-01	  -5.7030424e-01	  -4.6529616e-01	   1.0126687e+00	  -8.4438141e-01	
  -8.7140947e-02	  -5.7809909e-01	  -2.4177488e-01	   4.9971886e-01	  -6.7451572e-01	
  -3.2893120e-01	  -4.8425912e-01	   1.5735283e-01	   6.1024365e-01	  -9.7807913e-01	
  -3.2645249e-01	  -1.2297579e-01	  -1.4420715e-01	   2.0139701e-01	  -7.4335561e-01	
